Timestamp,SCT Version,Filename,Slice (I->S),VertLevel,DistancePMJ,MEAN(area),STD(area),MEAN(angle_AP),STD(angle_AP),MEAN(angle_RL),STD(angle_RL),MEAN(diameter_AP),STD(diameter_AP),MEAN(diameter_RL),STD(diameter_RL),MEAN(eccentricity),STD(eccentricity),MEAN(orientation),STD(orientation),MEAN(solidity),STD(solidity),SUM(length)
"2025-12-16 03:14:42","7.1","/data/T1w_seg.nii.gz","40","20","","","","","","","","","","","","","","","","","",""
"2025-12-16 03:14:42","7.1","/data/T1w_seg.nii.gz","41","20","","","","","","","","","","","","","","","","","",""
"2025-12-16 03:14:42","7.1","/data/T1w_seg.nii.gz","42","20","","","","","","","","","","","","","","","","","",""
"2025-12-16 03:14:42","7.1","/data/T1w_seg.nii.gz","43","20","","","","","","","","","","","","","","","","","",""
"2025-12-16 03:14:42","7.1","/data/T1w_seg.nii.gz","44","20","","","","","","","","","","","","","","","","","",""
"2025-12-16 03:14:42","7.1","/data/T1w_seg.nii.gz","45","20","","","","","","","","","","","","","","","","","",""
"2025-12-16 03:14:42","7.1","/data/T1w_seg.nii.gz","46","20","","","","","","","","","","","","","","","","","",""
"2025-12-16 03:14:42","7.1","/data/T1w_seg.nii.gz","47","20","","","","","","","","","","","","","","","","","",""
"2025-12-16 03:14:42","7.1","/data/T1w_seg.nii.gz","48","20","","","","","","","","","","","","","","","","","",""
"2025-12-16 03:14:42","7.1","/data/T1w_seg.nii.gz","49","20","","","","","","","","","","","","","","","","","",""
"2025-12-16 03:14:42","7.1","/data/T1w_seg.nii.gz","50","20","","","","","","","","","","","","","","","","","",""
"2025-12-16 03:14:42","7.1","/data/T1w_seg.nii.gz","51","20","","","","","","","","","","","","","","","","","",""
"2025-12-16 03:14:42","7.1","/data/T1w_seg.nii.gz","52","20","","","","","","","","","","","","","","","","","",""
"2025-12-16 03:14:42","7.1","/data/T1w_seg.nii.gz","53","20","","","","","","","","","","","","","","","","","",""
"2025-12-16 03:14:42","7.1","/data/T1w_seg.nii.gz","54","20","","","","","","","","","","","","","","","","","",""
"2025-12-16 03:14:42","7.1","/data/T1w_seg.nii.gz","55","20","","","","","","","","","","","","","","","","","",""
"2025-12-16 03:14:42","7.1","/data/T1w_seg.nii.gz","56","20","","","","","","","","","","","","","","","","","",""
"2025-12-16 03:14:42","7.1","/data/T1w_seg.nii.gz","57","20","","","","","","","","","","","","","","","","","",""
"2025-12-16 03:14:42","7.1","/data/T1w_seg.nii.gz","58","20","","","","","","","","","","","","","","","","","",""
"2025-12-16 03:14:42","7.1","/data/T1w_seg.nii.gz","59","20","","","","","","","","","","","","","","","","","",""
"2025-12-16 03:14:42","7.1","/data/T1w_seg.nii.gz","60","20","","","","","","","","","","","","","","","","","",""
"2025-12-16 03:14:42","7.1","/data/T1w_seg.nii.gz","61","20","","","","","","","","","","","","","","","","","",""
"2025-12-16 03:14:42","7.1","/data/T1w_seg.nii.gz","62","20","","","","","","","","","","","","","","","","","",""
"2025-12-16 03:14:42","7.1","/data/T1w_seg.nii.gz","63","20","","","","","","","","","","","","","","","","","",""
"2025-12-16 03:14:42","7.1","/data/T1w_seg.nii.gz","64","20","","","","","","","","","","","","","","","","","",""
"2025-12-16 03:14:42","7.1","/data/T1w_seg.nii.gz","65","20","","","","","","","","","","","","","","","","","",""
"2025-12-16 03:14:42","7.1","/data/T1w_seg.nii.gz","66","20","","","","","","","","","","","","","","","","","",""
"2025-12-16 03:14:42","7.1","/data/T1w_seg.nii.gz","67","20","","","","","","","","","","","","","","","","","",""
"2025-12-16 03:14:42","7.1","/data/T1w_seg.nii.gz","68","20","","","","","","","","","","","","","","","","","",""
"2025-12-16 03:14:42","7.1","/data/T1w_seg.nii.gz","69","20","","","","","","","","","","","","","","","","","",""
"2025-12-16 03:14:42","7.1","/data/T1w_seg.nii.gz","70","20","","","","","","","","","","","","","","","","","",""
"2025-12-16 03:14:42","7.1","/data/T1w_seg.nii.gz","71","20","","","","","","","","","","","","","","","","","",""
"2025-12-16 03:14:42","7.1","/data/T1w_seg.nii.gz","72","20","","","","","","","","","","","","","","","","","",""
"2025-12-16 03:14:42","7.1","/data/T1w_seg.nii.gz","73","20","","","","","","","","","","","","","","","","","",""
"2025-12-16 03:14:42","7.1","/data/T1w_seg.nii.gz","74","20","","","","","","","","","","","","","","","","","",""
"2025-12-16 03:14:42","7.1","/data/T1w_seg.nii.gz","75","20","","","","","","","","","","","","","","","","","",""
"2025-12-16 03:14:42","7.1","/data/T1w_seg.nii.gz","76","20","","","","","","","","","","","","","","","","","",""
"2025-12-16 03:14:42","7.1","/data/T1w_seg.nii.gz","77","20","","","","","","","","","","","","","","","","","",""
"2025-12-16 03:14:42","7.1","/data/T1w_seg.nii.gz","78","20","","","","","","","","","","","","","","","","","",""
"2025-12-16 03:14:42","7.1","/data/T1w_seg.nii.gz","79","20","","","","","","","","","","","","","","","","","",""
"2025-12-16 03:14:42","7.1","/data/T1w_seg.nii.gz","80","20","","","","","","","","","","","","","","","","","",""
"2025-12-16 03:14:42","7.1","/data/T1w_seg.nii.gz","81","20","","","","","","","","","","","","","","","","","",""
"2025-12-16 03:14:42","7.1","/data/T1w_seg.nii.gz","82","20","","","","","","","","","","","","","","","","","",""
"2025-12-16 03:14:42","7.1","/data/T1w_seg.nii.gz","83","20","","","","","","","","","","","","","","","","","",""
"2025-12-16 03:14:42","7.1","/data/T1w_seg.nii.gz","84","20","","","","","","","","","","","","","","","","","",""
"2025-12-16 03:14:42","7.1","/data/T1w_seg.nii.gz","85","20","","","","","","","","","","","","","","","","","",""
"2025-12-16 03:14:42","7.1","/data/T1w_seg.nii.gz","86","20","","","","","","","","","","","","","","","","","",""
"2025-12-16 03:14:42","7.1","/data/T1w_seg.nii.gz","87","20","","","","","","","","","","","","","","","","","",""
"2025-12-16 03:14:42","7.1","/data/T1w_seg.nii.gz","88","20","","","","","","","","","","","","","","","","","",""
"2025-12-16 03:14:42","7.1","/data/T1w_seg.nii.gz","89","20","","","","","","","","","","","","","","","","","",""
"2025-12-16 03:14:42","7.1","/data/T1w_seg.nii.gz","90","20","","","","","","","","","","","","","","","","","",""
"2025-12-16 03:14:42","7.1","/data/T1w_seg.nii.gz","91","20","","","","","","","","","","","","","","","","","",""
"2025-12-16 03:14:42","7.1","/data/T1w_seg.nii.gz","92","20","","","","","","","","","","","","","","","","","",""
"2025-12-16 03:14:42","7.1","/data/T1w_seg.nii.gz","93","20","","","","","","","","","","","","","","","","","",""
"2025-12-16 03:14:42","7.1","/data/T1w_seg.nii.gz","94","20","","","","","","","","","","","","","","","","","",""
"2025-12-16 03:14:42","7.1","/data/T1w_seg.nii.gz","95","20","","","","","","","","","","","","","","","","","",""
"2025-12-16 03:14:42","7.1","/data/T1w_seg.nii.gz","96","20","","","","","","","","","","","","","","","","","",""
"2025-12-16 03:14:42","7.1","/data/T1w_seg.nii.gz","97","20","","","","","","","","","","","","","","","","","",""
"2025-12-16 03:14:42","7.1","/data/T1w_seg.nii.gz","98","20","","","","","","","","","","","","","","","","","",""
"2025-12-16 03:14:42","7.1","/data/T1w_seg.nii.gz","99","20","","","","","","","","","","","","","","","","","",""
"2025-12-16 03:14:42","7.1","/data/T1w_seg.nii.gz","100","20","","","","","","","","","","","","","","","","","",""
"2025-12-16 03:14:42","7.1","/data/T1w_seg.nii.gz","101","20","","","","","","","","","","","","","","","","","",""
"2025-12-16 03:14:42","7.1","/data/T1w_seg.nii.gz","102","20","","","","","","","","","","","","","","","","","",""
"2025-12-16 03:14:42","7.1","/data/T1w_seg.nii.gz","103","20","","","","","","","","","","","","","","","","","",""
"2025-12-16 03:14:42","7.1","/data/T1w_seg.nii.gz","104","20","","","","","","","","","","","","","","","","","",""
"2025-12-16 03:14:42","7.1","/data/T1w_seg.nii.gz","105","20","","","","","","","","","","","","","","","","","",""
"2025-12-16 03:14:42","7.1","/data/T1w_seg.nii.gz","106","19","","","","","","","","","","","","","","","","","",""
"2025-12-16 03:14:42","7.1","/data/T1w_seg.nii.gz","107","19","","","","","","","","","","","","","","","","","",""
"2025-12-16 03:14:42","7.1","/data/T1w_seg.nii.gz","108","19","","","","","","","","","","","","","","","","","",""
"2025-12-16 03:14:42","7.1","/data/T1w_seg.nii.gz","109","19","","","","","","","","","","","","","","","","","",""
"2025-12-16 03:14:42","7.1","/data/T1w_seg.nii.gz","110","19","","","","","","","","","","","","","","","","","",""
"2025-12-16 03:14:42","7.1","/data/T1w_seg.nii.gz","111","19","","","","","","","","","","","","","","","","","",""
"2025-12-16 03:14:42","7.1","/data/T1w_seg.nii.gz","112","19","","","","","","","","","","","","","","","","","",""
"2025-12-16 03:14:42","7.1","/data/T1w_seg.nii.gz","113","19","","","","","","","","","","","","","","","","","",""
"2025-12-16 03:14:42","7.1","/data/T1w_seg.nii.gz","114","19","","","","","","","","","","","","","","","","","",""
"2025-12-16 03:14:42","7.1","/data/T1w_seg.nii.gz","115","19","","","","","","","","","","","","","","","","","",""
"2025-12-16 03:14:42","7.1","/data/T1w_seg.nii.gz","116","19","","","","","","","","","","","","","","","","","",""
"2025-12-16 03:14:42","7.1","/data/T1w_seg.nii.gz","117","19","","","","","","","","","","","","","","","","","",""
"2025-12-16 03:14:42","7.1","/data/T1w_seg.nii.gz","118","19","","","","","","","","","","","","","","","","","",""
"2025-12-16 03:14:42","7.1","/data/T1w_seg.nii.gz","119","19","","","","","","","","","","","","","","","","","",""
"2025-12-16 03:14:42","7.1","/data/T1w_seg.nii.gz","120","19","","","","","","","","","","","","","","","","","",""
"2025-12-16 03:14:42","7.1","/data/T1w_seg.nii.gz","121","19","","","","","","","","","","","","","","","","","",""
"2025-12-16 03:14:42","7.1","/data/T1w_seg.nii.gz","122","19","","","","","","","","","","","","","","","","","",""
"2025-12-16 03:14:42","7.1","/data/T1w_seg.nii.gz","123","19","","","","","","","","","","","","","","","","","",""
"2025-12-16 03:14:42","7.1","/data/T1w_seg.nii.gz","124","19","","","","","","","","","","","","","","","","","",""
"2025-12-16 03:14:42","7.1","/data/T1w_seg.nii.gz","125","19","","","","","","","","","","","","","","","","","",""
"2025-12-16 03:14:42","7.1","/data/T1w_seg.nii.gz","126","19","","","","","","","","","","","","","","","","","",""
"2025-12-16 03:14:42","7.1","/data/T1w_seg.nii.gz","127","19","","","","","","","","","","","","","","","","","",""
"2025-12-16 03:14:42","7.1","/data/T1w_seg.nii.gz","128","19","","","","","","","","","","","","","","","","","",""
"2025-12-16 03:14:42","7.1","/data/T1w_seg.nii.gz","129","19","","","","","","","","","","","","","","","","","",""
"2025-12-16 03:14:42","7.1","/data/T1w_seg.nii.gz","130","19","","","","","","","","","","","","","","","","","",""
"2025-12-16 03:14:42","7.1","/data/T1w_seg.nii.gz","131","19","","","","","","","","","","","","","","","","","",""
"2025-12-16 03:14:42","7.1","/data/T1w_seg.nii.gz","132","19","","","","","","","","","","","","","","","","","",""
"2025-12-16 03:14:42","7.1","/data/T1w_seg.nii.gz","133","19","","","","","","","","","","","","","","","","","",""
"2025-12-16 03:14:42","7.1","/data/T1w_seg.nii.gz","134","19","","","","","","","","","","","","","","","","","",""
"2025-12-16 03:14:42","7.1","/data/T1w_seg.nii.gz","135","19","","","","","","","","","","","","","","","","","",""
"2025-12-16 03:14:42","7.1","/data/T1w_seg.nii.gz","136","19","","","","","","","","","","","","","","","","","",""
"2025-12-16 03:14:42","7.1","/data/T1w_seg.nii.gz","137","19","","","","","","","","","","","","","","","","","",""
"2025-12-16 03:14:42","7.1","/data/T1w_seg.nii.gz","138","19","","","","","","","","","","","","","","","","","",""
"2025-12-16 03:14:42","7.1","/data/T1w_seg.nii.gz","139","19","","","","","","","","","","","","","","","","","",""
"2025-12-16 03:14:42","7.1","/data/T1w_seg.nii.gz","140","19","","","","","","","","","","","","","","","","","",""
"2025-12-16 03:14:42","7.1","/data/T1w_seg.nii.gz","141","19","","","","","","","","","","","","","","","","","",""
"2025-12-16 03:14:42","7.1","/data/T1w_seg.nii.gz","142","19","","","","","","","","","","","","","","","","","",""
"2025-12-16 03:14:42","7.1","/data/T1w_seg.nii.gz","143","19","","","","","","","","","","","","","","","","","",""
"2025-12-16 03:14:42","7.1","/data/T1w_seg.nii.gz","144","19","","","","","","","","","","","","","","","","","",""
"2025-12-16 03:14:42","7.1","/data/T1w_seg.nii.gz","145","19","","","","","","","","","","","","","","","","","",""
"2025-12-16 03:14:42","7.1","/data/T1w_seg.nii.gz","146","19","","","","","","","","","","","","","","","","","",""
"2025-12-16 03:14:42","7.1","/data/T1w_seg.nii.gz","147","19","","","","","","","","","","","","","","","","","",""
"2025-12-16 03:14:42","7.1","/data/T1w_seg.nii.gz","148","19","","","","","","","","","","","","","","","","","",""
"2025-12-16 03:14:42","7.1","/data/T1w_seg.nii.gz","149","19","","","","","","","","","","","","","","","","","",""
"2025-12-16 03:14:42","7.1","/data/T1w_seg.nii.gz","150","19","","","","","","","","","","","","","","","","","",""
"2025-12-16 03:14:42","7.1","/data/T1w_seg.nii.gz","151","19","","","","","","","","","","","","","","","","","",""
"2025-12-16 03:14:42","7.1","/data/T1w_seg.nii.gz","152","19","","","","","","","","","","","","","","","","","",""
"2025-12-16 03:14:42","7.1","/data/T1w_seg.nii.gz","153","19","","","","","","","","","","","","","","","","","",""
"2025-12-16 03:14:42","7.1","/data/T1w_seg.nii.gz","154","19","","","","","","","","","","","","","","","","","",""
"2025-12-16 03:14:42","7.1","/data/T1w_seg.nii.gz","155","19","","","","","","","","","","","","","","","","","",""
"2025-12-16 03:14:42","7.1","/data/T1w_seg.nii.gz","156","19","","","","","","","","","","","","","","","","","",""
"2025-12-16 03:14:42","7.1","/data/T1w_seg.nii.gz","157","19","","","","","","","","","","","","","","","","","",""
"2025-12-16 03:14:42","7.1","/data/T1w_seg.nii.gz","158","19","","","","","","","","","","","","","","","","","",""
"2025-12-16 03:14:42","7.1","/data/T1w_seg.nii.gz","159","19","","","","","","","","","","","","","","","","","",""
"2025-12-16 03:14:42","7.1","/data/T1w_seg.nii.gz","160","19","","","","","","","","","","","","","","","","","",""
"2025-12-16 03:14:42","7.1","/data/T1w_seg.nii.gz","161","19","","","","","","","","","","","","","","","","","",""
"2025-12-16 03:14:42","7.1","/data/T1w_seg.nii.gz","162","19","","","","","","","","","","","","","","","","","",""
"2025-12-16 03:14:42","7.1","/data/T1w_seg.nii.gz","163","19","","","","","","","","","","","","","","","","","",""
"2025-12-16 03:14:42","7.1","/data/T1w_seg.nii.gz","164","19","","","","","","","","","","","","","","","","","",""
"2025-12-16 03:14:42","7.1","/data/T1w_seg.nii.gz","165","19","","","","","","","","","","","","","","","","","",""
"2025-12-16 03:14:42","7.1","/data/T1w_seg.nii.gz","166","19","","","","","","","","","","","","","","","","","",""
"2025-12-16 03:14:42","7.1","/data/T1w_seg.nii.gz","167","19","","","","","","","","","","","","","","","","","",""
"2025-12-16 03:14:42","7.1","/data/T1w_seg.nii.gz","168","19","","","","","","","","","","","","","","","","","",""
"2025-12-16 03:14:42","7.1","/data/T1w_seg.nii.gz","169","18","","","","","","","","","","","","","","","","","",""
"2025-12-16 03:14:42","7.1","/data/T1w_seg.nii.gz","170","18","","","","","","","","","","","","","","","","","",""
"2025-12-16 03:14:42","7.1","/data/T1w_seg.nii.gz","171","18","","","","","","","","","","","","","","","","","",""
"2025-12-16 03:14:42","7.1","/data/T1w_seg.nii.gz","172","18","","","","","","","","","","","","","","","","","",""
"2025-12-16 03:14:42","7.1","/data/T1w_seg.nii.gz","173","18","","","","","","","","","","","","","","","","","",""
"2025-12-16 03:14:42","7.1","/data/T1w_seg.nii.gz","174","18","","","","","","","","","","","","","","","","","",""
"2025-12-16 03:14:42","7.1","/data/T1w_seg.nii.gz","175","18","","","","","","","","","","","","","","","","","",""
"2025-12-16 03:14:42","7.1","/data/T1w_seg.nii.gz","176","18","","","","","","","","","","","","","","","","","",""
"2025-12-16 03:14:42","7.1","/data/T1w_seg.nii.gz","177","18","","","","","","","","","","","","","","","","","",""
"2025-12-16 03:14:42","7.1","/data/T1w_seg.nii.gz","178","18","","","","","","","","","","","","","","","","","",""
"2025-12-16 03:14:42","7.1","/data/T1w_seg.nii.gz","179","18","","","","","","","","","","","","","","","","","",""
"2025-12-16 03:14:42","7.1","/data/T1w_seg.nii.gz","180","18","","","","","","","","","","","","","","","","","",""
"2025-12-16 03:14:42","7.1","/data/T1w_seg.nii.gz","181","18","","","","","","","","","","","","","","","","","",""
"2025-12-16 03:14:42","7.1","/data/T1w_seg.nii.gz","182","18","","","","","","","","","","","","","","","","","",""
"2025-12-16 03:14:42","7.1","/data/T1w_seg.nii.gz","183","18","","","","","","","","","","","","","","","","","",""
"2025-12-16 03:14:42","7.1","/data/T1w_seg.nii.gz","184","18","","","","","","","","","","","","","","","","","",""
"2025-12-16 03:14:42","7.1","/data/T1w_seg.nii.gz","185","18","","","","","","","","","","","","","","","","","",""
"2025-12-16 03:14:42","7.1","/data/T1w_seg.nii.gz","186","18","","","","","","","","","","","","","","","","","",""
"2025-12-16 03:14:42","7.1","/data/T1w_seg.nii.gz","187","18","","","","","","","","","","","","","","","","","",""
"2025-12-16 03:14:42","7.1","/data/T1w_seg.nii.gz","188","18","","","","","","","","","","","","","","","","","",""
"2025-12-16 03:14:42","7.1","/data/T1w_seg.nii.gz","189","18","","","","","","","","","","","","","","","","","",""
"2025-12-16 03:14:42","7.1","/data/T1w_seg.nii.gz","190","18","","","","","","","","","","","","","","","","","",""
"2025-12-16 03:14:42","7.1","/data/T1w_seg.nii.gz","191","18","","","","","","","","","","","","","","","","","",""
"2025-12-16 03:14:42","7.1","/data/T1w_seg.nii.gz","192","18","","","","","","","","","","","","","","","","","",""
"2025-12-16 03:14:42","7.1","/data/T1w_seg.nii.gz","193","18","","","","","","","","","","","","","","","","","",""
"2025-12-16 03:14:42","7.1","/data/T1w_seg.nii.gz","194","18","","","","","","","","","","","","","","","","","",""
"2025-12-16 03:14:42","7.1","/data/T1w_seg.nii.gz","195","18","","","","","","","","","","","","","","","","","",""
"2025-12-16 03:14:42","7.1","/data/T1w_seg.nii.gz","196","18","","","","","","","","","","","","","","","","","",""
"2025-12-16 03:14:42","7.1","/data/T1w_seg.nii.gz","197","18","","","","","","","","","","","","","","","","","",""
"2025-12-16 03:14:42","7.1","/data/T1w_seg.nii.gz","198","18","","","","","","","","","","","","","","","","","",""
"2025-12-16 03:14:42","7.1","/data/T1w_seg.nii.gz","199","18","","","","","","","","","","","","","","","","","",""
"2025-12-16 03:14:42","7.1","/data/T1w_seg.nii.gz","200","18","","","","","","","","","","","","","","","","","",""
"2025-12-16 03:14:42","7.1","/data/T1w_seg.nii.gz","201","18","","","","","","","","","","","","","","","","","",""
"2025-12-16 03:14:42","7.1","/data/T1w_seg.nii.gz","202","18","","","","","","","","","","","","","","","","","",""
"2025-12-16 03:14:42","7.1","/data/T1w_seg.nii.gz","203","18","","","","","","","","","","","","","","","","","",""
"2025-12-16 03:14:42","7.1","/data/T1w_seg.nii.gz","204","18","","","","","","","","","","","","","","","","","",""
"2025-12-16 03:14:42","7.1","/data/T1w_seg.nii.gz","205","18","","","","","","","","","","","","","","","","","",""
"2025-12-16 03:14:42","7.1","/data/T1w_seg.nii.gz","206","18","","","","","","","","","","","","","","","","","",""
"2025-12-16 03:14:42","7.1","/data/T1w_seg.nii.gz","207","18","","","","","","","","","","","","","","","","","",""
"2025-12-16 03:14:42","7.1","/data/T1w_seg.nii.gz","208","18","","","","","","","","","","","","","","","","","",""
"2025-12-16 03:14:42","7.1","/data/T1w_seg.nii.gz","209","18","","","","","","","","","","","","","","","","","",""
"2025-12-16 03:14:42","7.1","/data/T1w_seg.nii.gz","210","18","","","","","","","","","","","","","","","","","",""
"2025-12-16 03:14:42","7.1","/data/T1w_seg.nii.gz","211","18","","","","","","","","","","","","","","","","","",""
"2025-12-16 03:14:42","7.1","/data/T1w_seg.nii.gz","212","18","","","","","","","","","","","","","","","","","",""
"2025-12-16 03:14:42","7.1","/data/T1w_seg.nii.gz","213","18","","","","","","","","","","","","","","","","","",""
"2025-12-16 03:14:42","7.1","/data/T1w_seg.nii.gz","214","18","","","","","","","","","","","","","","","","","",""
"2025-12-16 03:14:42","7.1","/data/T1w_seg.nii.gz","215","18","","","","","","","","","","","","","","","","","",""
"2025-12-16 03:14:42","7.1","/data/T1w_seg.nii.gz","216","18","","","","","","","","","","","","","","","","","",""
"2025-12-16 03:14:42","7.1","/data/T1w_seg.nii.gz","217","18","","","","","","","","","","","","","","","","","",""
"2025-12-16 03:14:42","7.1","/data/T1w_seg.nii.gz","218","18","","","","","","","","","","","","","","","","","",""
"2025-12-16 03:14:42","7.1","/data/T1w_seg.nii.gz","219","18","","","","","","","","","","","","","","","","","",""
"2025-12-16 03:14:42","7.1","/data/T1w_seg.nii.gz","220","18","","","","","","","","","","","","","","","","","",""
"2025-12-16 03:14:42","7.1","/data/T1w_seg.nii.gz","221","18","","","","","","","","","","","","","","","","","",""
"2025-12-16 03:14:42","7.1","/data/T1w_seg.nii.gz","222","18","","","","","","","","","","","","","","","","","",""
"2025-12-16 03:14:42","7.1","/data/T1w_seg.nii.gz","223","18","","","","","","","","","","","","","","","","","",""
"2025-12-16 03:14:42","7.1","/data/T1w_seg.nii.gz","224","18","","","","","","","","","","","","","","","","","",""
"2025-12-16 03:14:42","7.1","/data/T1w_seg.nii.gz","225","18","","","","","","","","","","","","","","","","","",""
"2025-12-16 03:14:42","7.1","/data/T1w_seg.nii.gz","226","18","","","","","","","","","","","","","","","","","",""
"2025-12-16 03:14:42","7.1","/data/T1w_seg.nii.gz","227","18","","","","","","","","","","","","","","","","","",""
"2025-12-16 03:14:42","7.1","/data/T1w_seg.nii.gz","228","18","","","","","","","","","","","","","","","","","",""
"2025-12-16 03:14:42","7.1","/data/T1w_seg.nii.gz","229","18","","","","","","","","","","","","","","","","","",""
"2025-12-16 03:14:42","7.1","/data/T1w_seg.nii.gz","230","18","","","","","","","","","","","","","","","","","",""
"2025-12-16 03:14:42","7.1","/data/T1w_seg.nii.gz","231","18","","","","","","","","","","","","","","","","","",""
"2025-12-16 03:14:42","7.1","/data/T1w_seg.nii.gz","232","17","","","","","","","","","","","","","","","","","",""
"2025-12-16 03:14:42","7.1","/data/T1w_seg.nii.gz","233","17","","","","","","","","","","","","","","","","","",""
"2025-12-16 03:14:42","7.1","/data/T1w_seg.nii.gz","234","17","","","","","","","","","","","","","","","","","",""
"2025-12-16 03:14:42","7.1","/data/T1w_seg.nii.gz","235","17","","","","","","","","","","","","","","","","","",""
"2025-12-16 03:14:42","7.1","/data/T1w_seg.nii.gz","236","17","","","","","","","","","","","","","","","","","",""
"2025-12-16 03:14:42","7.1","/data/T1w_seg.nii.gz","237","17","","","","","","","","","","","","","","","","","",""
"2025-12-16 03:14:42","7.1","/data/T1w_seg.nii.gz","238","17","","","","","","","","","","","","","","","","","",""
"2025-12-16 03:14:42","7.1","/data/T1w_seg.nii.gz","239","17","","","","","","","","","","","","","","","","","",""
"2025-12-16 03:14:42","7.1","/data/T1w_seg.nii.gz","240","17","","","","","","","","","","","","","","","","","",""
"2025-12-16 03:14:42","7.1","/data/T1w_seg.nii.gz","241","17","","","","","","","","","","","","","","","","","",""
"2025-12-16 03:14:42","7.1","/data/T1w_seg.nii.gz","242","17","","","","","","","","","","","","","","","","","",""
"2025-12-16 03:14:42","7.1","/data/T1w_seg.nii.gz","243","17","","","","","","","","","","","","","","","","","",""
"2025-12-16 03:14:42","7.1","/data/T1w_seg.nii.gz","244","17","","","","","","","","","","","","","","","","","",""
"2025-12-16 03:14:42","7.1","/data/T1w_seg.nii.gz","245","17","","","","","","","","","","","","","","","","","",""
"2025-12-16 03:14:42","7.1","/data/T1w_seg.nii.gz","246","17","","","","","","","","","","","","","","","","","",""
"2025-12-16 03:14:42","7.1","/data/T1w_seg.nii.gz","247","17","","","","","","","","","","","","","","","","","",""
"2025-12-16 03:14:42","7.1","/data/T1w_seg.nii.gz","248","17","","","","","","","","","","","","","","","","","",""
"2025-12-16 03:14:42","7.1","/data/T1w_seg.nii.gz","249","17","","","","","","","","","","","","","","","","","",""
"2025-12-16 03:14:42","7.1","/data/T1w_seg.nii.gz","250","17","","","","","","","","","","","","","","","","","",""
"2025-12-16 03:14:42","7.1","/data/T1w_seg.nii.gz","251","17","","","","","","","","","","","","","","","","","",""
"2025-12-16 03:14:42","7.1","/data/T1w_seg.nii.gz","252","17","","","","","","","","","","","","","","","","","",""
"2025-12-16 03:14:42","7.1","/data/T1w_seg.nii.gz","253","17","","","","","","","","","","","","","","","","","",""
"2025-12-16 03:14:42","7.1","/data/T1w_seg.nii.gz","254","17","","","","","","","","","","","","","","","","","",""
"2025-12-16 03:14:42","7.1","/data/T1w_seg.nii.gz","255","17","","","","","","","","","","","","","","","","","",""
"2025-12-16 03:14:42","7.1","/data/T1w_seg.nii.gz","256","17","","","","","","","","","","","","","","","","","",""
"2025-12-16 03:14:42","7.1","/data/T1w_seg.nii.gz","257","17","","","","","","","","","","","","","","","","","",""
"2025-12-16 03:14:42","7.1","/data/T1w_seg.nii.gz","258","17","","","","","","","","","","","","","","","","","",""
"2025-12-16 03:14:42","7.1","/data/T1w_seg.nii.gz","259","17","","","","","","","","","","","","","","","","","",""
"2025-12-16 03:14:42","7.1","/data/T1w_seg.nii.gz","260","17","","","","","","","","","","","","","","","","","",""
"2025-12-16 03:14:42","7.1","/data/T1w_seg.nii.gz","261","17","","","","","","","","","","","","","","","","","",""
"2025-12-16 03:14:42","7.1","/data/T1w_seg.nii.gz","262","17","","","","","","","","","","","","","","","","","",""
"2025-12-16 03:14:42","7.1","/data/T1w_seg.nii.gz","263","17","","","","","","","","","","","","","","","","","",""
"2025-12-16 03:14:42","7.1","/data/T1w_seg.nii.gz","264","17","","","","","","","","","","","","","","","","","",""
"2025-12-16 03:14:42","7.1","/data/T1w_seg.nii.gz","265","17","","","","","","","","","","","","","","","","","",""
"2025-12-16 03:14:42","7.1","/data/T1w_seg.nii.gz","266","17","","","","","","","","","","","","","","","","","",""
"2025-12-16 03:14:42","7.1","/data/T1w_seg.nii.gz","267","17","","","","","","","","","","","","","","","","","",""
"2025-12-16 03:14:42","7.1","/data/T1w_seg.nii.gz","268","17","","","","","","","","","","","","","","","","","",""
"2025-12-16 03:14:42","7.1","/data/T1w_seg.nii.gz","269","17","","","","","","","","","","","","","","","","","",""
"2025-12-16 03:14:42","7.1","/data/T1w_seg.nii.gz","270","17","","","","","","","","","","","","","","","","","",""
"2025-12-16 03:14:42","7.1","/data/T1w_seg.nii.gz","271","17","","","","","","","","","","","","","","","","","",""
"2025-12-16 03:14:42","7.1","/data/T1w_seg.nii.gz","272","17","","","","","","","","","","","","","","","","","",""
"2025-12-16 03:14:42","7.1","/data/T1w_seg.nii.gz","273","17","","","","","","","","","","","","","","","","","",""
"2025-12-16 03:14:42","7.1","/data/T1w_seg.nii.gz","274","17","","","","","","","","","","","","","","","","","",""
"2025-12-16 03:14:42","7.1","/data/T1w_seg.nii.gz","275","17","","","","","","","","","","","","","","","","","",""
"2025-12-16 03:14:42","7.1","/data/T1w_seg.nii.gz","276","17","","","","","","","","","","","","","","","","","",""
"2025-12-16 03:14:42","7.1","/data/T1w_seg.nii.gz","277","17","","","","","","","","","","","","","","","","","",""
"2025-12-16 03:14:42","7.1","/data/T1w_seg.nii.gz","278","17","","","","","","","","","","","","","","","","","",""
"2025-12-16 03:14:42","7.1","/data/T1w_seg.nii.gz","279","17","","","","","","","","","","","","","","","","","",""
"2025-12-16 03:14:42","7.1","/data/T1w_seg.nii.gz","280","17","","","","","","","","","","","","","","","","","",""
"2025-12-16 03:14:42","7.1","/data/T1w_seg.nii.gz","281","17","","","","","","","","","","","","","","","","","",""
"2025-12-16 03:14:42","7.1","/data/T1w_seg.nii.gz","282","17","","","","","","","","","","","","","","","","","",""
"2025-12-16 03:14:42","7.1","/data/T1w_seg.nii.gz","283","17","","","","","","","","","","","","","","","","","",""
"2025-12-16 03:14:42","7.1","/data/T1w_seg.nii.gz","284","17","","","","","","","","","","","","","","","","","",""
"2025-12-16 03:14:42","7.1","/data/T1w_seg.nii.gz","285","17","","","","","","","","","","","","","","","","","",""
"2025-12-16 03:14:42","7.1","/data/T1w_seg.nii.gz","286","17","","","","","","","","","","","","","","","","","",""
"2025-12-16 03:14:42","7.1","/data/T1w_seg.nii.gz","287","17","","","","","","","","","","","","","","","","","",""
"2025-12-16 03:14:42","7.1","/data/T1w_seg.nii.gz","288","17","","","","","","","","","","","","","","","","","",""
"2025-12-16 03:14:42","7.1","/data/T1w_seg.nii.gz","289","17","","","","","","","","","","","","","","","","","",""
"2025-12-16 03:14:42","7.1","/data/T1w_seg.nii.gz","290","16","","","","","","","","","","","","","","","","","",""
"2025-12-16 03:14:42","7.1","/data/T1w_seg.nii.gz","291","16","","","","","","","","","","","","","","","","","",""
"2025-12-16 03:14:42","7.1","/data/T1w_seg.nii.gz","292","16","","","","","","","","","","","","","","","","","",""
"2025-12-16 03:14:42","7.1","/data/T1w_seg.nii.gz","293","16","","","","","","","","","","","","","","","","","",""
"2025-12-16 03:14:42","7.1","/data/T1w_seg.nii.gz","294","16","","","","","","","","","","","","","","","","","",""
"2025-12-16 03:14:42","7.1","/data/T1w_seg.nii.gz","295","16","","","","","","","","","","","","","","","","","",""
"2025-12-16 03:14:42","7.1","/data/T1w_seg.nii.gz","296","16","","","","","","","","","","","","","","","","","",""
"2025-12-16 03:14:42","7.1","/data/T1w_seg.nii.gz","297","16","","","","","","","","","","","","","","","","","",""
"2025-12-16 03:14:42","7.1","/data/T1w_seg.nii.gz","298","16","","","","","","","","","","","","","","","","","",""
"2025-12-16 03:14:42","7.1","/data/T1w_seg.nii.gz","299","16","","","","","","","","","","","","","","","","","",""
"2025-12-16 03:14:42","7.1","/data/T1w_seg.nii.gz","300","16","","","","","","","","","","","","","","","","","",""
"2025-12-16 03:14:42","7.1","/data/T1w_seg.nii.gz","301","16","","","","","","","","","","","","","","","","","",""
"2025-12-16 03:14:42","7.1","/data/T1w_seg.nii.gz","302","16","","","","","","","","","","","","","","","","","",""
"2025-12-16 03:14:42","7.1","/data/T1w_seg.nii.gz","303","16","","","","","","","","","","","","","","","","","",""
"2025-12-16 03:14:42","7.1","/data/T1w_seg.nii.gz","304","16","","","","","","","","","","","","","","","","","",""
"2025-12-16 03:14:42","7.1","/data/T1w_seg.nii.gz","305","16","","","","","","","","","","","","","","","","","",""
"2025-12-16 03:14:42","7.1","/data/T1w_seg.nii.gz","306","16","","","","","","","","","","","","","","","","","",""
"2025-12-16 03:14:42","7.1","/data/T1w_seg.nii.gz","307","16","","","","","","","","","","","","","","","","","",""
"2025-12-16 03:14:42","7.1","/data/T1w_seg.nii.gz","308","16","","","","","","","","","","","","","","","","","",""
"2025-12-16 03:14:42","7.1","/data/T1w_seg.nii.gz","309","16","","","","","","","","","","","","","","","","","",""
"2025-12-16 03:14:42","7.1","/data/T1w_seg.nii.gz","310","16","","","","","","","","","","","","","","","","","",""
"2025-12-16 03:14:42","7.1","/data/T1w_seg.nii.gz","311","16","","","","","","","","","","","","","","","","","",""
"2025-12-16 03:14:42","7.1","/data/T1w_seg.nii.gz","312","16","","","","","","","","","","","","","","","","","",""
"2025-12-16 03:14:42","7.1","/data/T1w_seg.nii.gz","313","16","","","","","","","","","","","","","","","","","",""
"2025-12-16 03:14:42","7.1","/data/T1w_seg.nii.gz","314","16","","","","","","","","","","","","","","","","","",""
"2025-12-16 03:14:42","7.1","/data/T1w_seg.nii.gz","315","16","","","","","","","","","","","","","","","","","",""
"2025-12-16 03:14:42","7.1","/data/T1w_seg.nii.gz","316","16","","","","","","","","","","","","","","","","","",""
"2025-12-16 03:14:42","7.1","/data/T1w_seg.nii.gz","317","16","","","","","","","","","","","","","","","","","",""
"2025-12-16 03:14:42","7.1","/data/T1w_seg.nii.gz","318","16","","","","","","","","","","","","","","","","","",""
"2025-12-16 03:14:42","7.1","/data/T1w_seg.nii.gz","319","16","","","","","","","","","","","","","","","","","",""
"2025-12-16 03:14:42","7.1","/data/T1w_seg.nii.gz","320","16","","","","","","","","","","","","","","","","","",""
"2025-12-16 03:14:42","7.1","/data/T1w_seg.nii.gz","321","16","","","","","","","","","","","","","","","","","",""
"2025-12-16 03:14:42","7.1","/data/T1w_seg.nii.gz","322","16","","","","","","","","","","","","","","","","","",""
"2025-12-16 03:14:42","7.1","/data/T1w_seg.nii.gz","323","16","","","","","","","","","","","","","","","","","",""
"2025-12-16 03:14:42","7.1","/data/T1w_seg.nii.gz","324","16","","","","","","","","","","","","","","","","","",""
"2025-12-16 03:14:42","7.1","/data/T1w_seg.nii.gz","325","16","","","","","","","","","","","","","","","","","",""
"2025-12-16 03:14:42","7.1","/data/T1w_seg.nii.gz","326","16","","","","","","","","","","","","","","","","","",""
"2025-12-16 03:14:42","7.1","/data/T1w_seg.nii.gz","327","16","","","","","","","","","","","","","","","","","",""
"2025-12-16 03:14:42","7.1","/data/T1w_seg.nii.gz","328","16","","","","","","","","","","","","","","","","","",""
"2025-12-16 03:14:42","7.1","/data/T1w_seg.nii.gz","329","16","","","","","","","","","","","","","","","","","",""
"2025-12-16 03:14:42","7.1","/data/T1w_seg.nii.gz","330","16","","","","","","","","","","","","","","","","","",""
"2025-12-16 03:14:42","7.1","/data/T1w_seg.nii.gz","331","16","","","","","","","","","","","","","","","","","",""
"2025-12-16 03:14:42","7.1","/data/T1w_seg.nii.gz","332","16","","","","","","","","","","","","","","","","","",""
"2025-12-16 03:14:42","7.1","/data/T1w_seg.nii.gz","333","16","","","","","","","","","","","","","","","","","",""
"2025-12-16 03:14:42","7.1","/data/T1w_seg.nii.gz","334","16","","","","","","","","","","","","","","","","","",""
"2025-12-16 03:14:42","7.1","/data/T1w_seg.nii.gz","335","16","","","","","","","","","","","","","","","","","",""
"2025-12-16 03:14:42","7.1","/data/T1w_seg.nii.gz","336","16","","","","","","","","","","","","","","","","","",""
"2025-12-16 03:14:42","7.1","/data/T1w_seg.nii.gz","337","16","","","","","","","","","","","","","","","","","",""
"2025-12-16 03:14:42","7.1","/data/T1w_seg.nii.gz","338","16","","","","","","","","","","","","","","","","","",""
"2025-12-16 03:14:42","7.1","/data/T1w_seg.nii.gz","339","16","","","","","","","","","","","","","","","","","",""
"2025-12-16 03:14:42","7.1","/data/T1w_seg.nii.gz","340","16","","","","","","","","","","","","","","","","","",""
"2025-12-16 03:14:42","7.1","/data/T1w_seg.nii.gz","341","16","","","","","","","","","","","","","","","","","",""
"2025-12-16 03:14:42","7.1","/data/T1w_seg.nii.gz","342","16","","","","","","","","","","","","","","","","","",""
"2025-12-16 03:14:42","7.1","/data/T1w_seg.nii.gz","343","15","","","","","","","","","","","","","","","","","",""
"2025-12-16 03:14:42","7.1","/data/T1w_seg.nii.gz","344","15","","","","","","","","","","","","","","","","","",""
"2025-12-16 03:14:42","7.1","/data/T1w_seg.nii.gz","345","15","","","","","","","","","","","","","","","","","",""
"2025-12-16 03:14:42","7.1","/data/T1w_seg.nii.gz","346","15","","","","","","","","","","","","","","","","","",""
"2025-12-16 03:14:42","7.1","/data/T1w_seg.nii.gz","347","15","","","","","","","","","","","","","","","","","",""
"2025-12-16 03:14:42","7.1","/data/T1w_seg.nii.gz","348","15","","","","","","","","","","","","","","","","","",""
"2025-12-16 03:14:42","7.1","/data/T1w_seg.nii.gz","349","15","","","","","","","","","","","","","","","","","",""
"2025-12-16 03:14:42","7.1","/data/T1w_seg.nii.gz","350","15","","","","","","","","","","","","","","","","","",""
"2025-12-16 03:14:42","7.1","/data/T1w_seg.nii.gz","351","15","","","","","","","","","","","","","","","","","",""
"2025-12-16 03:14:42","7.1","/data/T1w_seg.nii.gz","352","15","","","","","","","","","","","","","","","","","",""
"2025-12-16 03:14:42","7.1","/data/T1w_seg.nii.gz","353","15","","","","","","","","","","","","","","","","","",""
"2025-12-16 03:14:42","7.1","/data/T1w_seg.nii.gz","354","15","","","","","","","","","","","","","","","","","",""
"2025-12-16 03:14:42","7.1","/data/T1w_seg.nii.gz","355","15","","","","","","","","","","","","","","","","","",""
"2025-12-16 03:14:42","7.1","/data/T1w_seg.nii.gz","356","15","","","","","","","","","","","","","","","","","",""
"2025-12-16 03:14:42","7.1","/data/T1w_seg.nii.gz","357","15","","","","","","","","","","","","","","","","","",""
"2025-12-16 03:14:42","7.1","/data/T1w_seg.nii.gz","358","15","","","","","","","","","","","","","","","","","",""
"2025-12-16 03:14:42","7.1","/data/T1w_seg.nii.gz","359","15","","","","","","","","","","","","","","","","","",""
"2025-12-16 03:14:42","7.1","/data/T1w_seg.nii.gz","360","15","","","","","","","","","","","","","","","","","",""
"2025-12-16 03:14:42","7.1","/data/T1w_seg.nii.gz","361","15","","","","","","","","","","","","","","","","","",""
"2025-12-16 03:14:42","7.1","/data/T1w_seg.nii.gz","362","15","","","","","","","","","","","","","","","","","",""
"2025-12-16 03:14:42","7.1","/data/T1w_seg.nii.gz","363","15","","","","","","","","","","","","","","","","","",""
"2025-12-16 03:14:42","7.1","/data/T1w_seg.nii.gz","364","15","","","","","","","","","","","","","","","","","",""
"2025-12-16 03:14:42","7.1","/data/T1w_seg.nii.gz","365","15","","","","","","","","","","","","","","","","","",""
"2025-12-16 03:14:42","7.1","/data/T1w_seg.nii.gz","366","15","","","","","","","","","","","","","","","","","",""
"2025-12-16 03:14:42","7.1","/data/T1w_seg.nii.gz","367","15","","","","","","","","","","","","","","","","","",""
"2025-12-16 03:14:42","7.1","/data/T1w_seg.nii.gz","368","15","","","","","","","","","","","","","","","","","",""
"2025-12-16 03:14:42","7.1","/data/T1w_seg.nii.gz","369","15","","","","","","","","","","","","","","","","","",""
"2025-12-16 03:14:42","7.1","/data/T1w_seg.nii.gz","370","15","","","","","","","","","","","","","","","","","",""
"2025-12-16 03:14:42","7.1","/data/T1w_seg.nii.gz","371","15","","","","","","","","","","","","","","","","","",""
"2025-12-16 03:14:42","7.1","/data/T1w_seg.nii.gz","372","15","","","","","","","","","","","","","","","","","",""
"2025-12-16 03:14:42","7.1","/data/T1w_seg.nii.gz","373","15","","","","","","","","","","","","","","","","","",""
"2025-12-16 03:14:42","7.1","/data/T1w_seg.nii.gz","374","15","","","","","","","","","","","","","","","","","",""
"2025-12-16 03:14:42","7.1","/data/T1w_seg.nii.gz","375","15","","","","","","","","","","","","","","","","","",""
"2025-12-16 03:14:42","7.1","/data/T1w_seg.nii.gz","376","15","","","","","","","","","","","","","","","","","",""
"2025-12-16 03:14:42","7.1","/data/T1w_seg.nii.gz","377","15","","","","","","","","","","","","","","","","","",""
"2025-12-16 03:14:42","7.1","/data/T1w_seg.nii.gz","378","15","","","","","","","","","","","","","","","","","",""
"2025-12-16 03:14:42","7.1","/data/T1w_seg.nii.gz","379","15","","","","","","","","","","","","","","","","","",""
"2025-12-16 03:14:42","7.1","/data/T1w_seg.nii.gz","380","15","","","","","","","","","","","","","","","","","",""
"2025-12-16 03:14:42","7.1","/data/T1w_seg.nii.gz","381","15","","","","","","","","","","","","","","","","","",""
"2025-12-16 03:14:42","7.1","/data/T1w_seg.nii.gz","382","15","","","","","","","","","","","","","","","","","",""
"2025-12-16 03:14:42","7.1","/data/T1w_seg.nii.gz","383","15","","","","","","","","","","","","","","","","","",""
"2025-12-16 03:14:42","7.1","/data/T1w_seg.nii.gz","384","15","","","","","","","","","","","","","","","","","",""
"2025-12-16 03:14:42","7.1","/data/T1w_seg.nii.gz","385","15","","","","","","","","","","","","","","","","","",""
"2025-12-16 03:14:42","7.1","/data/T1w_seg.nii.gz","386","15","","","","","","","","","","","","","","","","","",""
"2025-12-16 03:14:42","7.1","/data/T1w_seg.nii.gz","387","15","","","","","","","","","","","","","","","","","",""
"2025-12-16 03:14:42","7.1","/data/T1w_seg.nii.gz","388","15","","","","","","","","","","","","","","","","","",""
"2025-12-16 03:14:42","7.1","/data/T1w_seg.nii.gz","389","15","","","","","","","","","","","","","","","","","",""
"2025-12-16 03:14:42","7.1","/data/T1w_seg.nii.gz","390","15","","","","","","","","","","","","","","","","","",""
"2025-12-16 03:14:42","7.1","/data/T1w_seg.nii.gz","391","15","","","","","","","","","","","","","","","","","",""
"2025-12-16 03:14:42","7.1","/data/T1w_seg.nii.gz","392","15","","","","","","","","","","","","","","","","","",""
"2025-12-16 03:14:42","7.1","/data/T1w_seg.nii.gz","393","15","","","","","","","","","","","","","","","","","",""
"2025-12-16 03:14:42","7.1","/data/T1w_seg.nii.gz","394","15","","","","","","","","","","","","","","","","","",""
"2025-12-16 03:14:42","7.1","/data/T1w_seg.nii.gz","395","15","","","","","","","","","","","","","","","","","",""
"2025-12-16 03:14:42","7.1","/data/T1w_seg.nii.gz","396","15","","","","","","","","","","","","","","","","","",""
"2025-12-16 03:14:42","7.1","/data/T1w_seg.nii.gz","397","14","","","","","","","","","","","","","","","","","",""
"2025-12-16 03:14:42","7.1","/data/T1w_seg.nii.gz","398","14","","","","","","","","","","","","","","","","","",""
"2025-12-16 03:14:42","7.1","/data/T1w_seg.nii.gz","399","14","","","","","","","","","","","","","","","","","",""
"2025-12-16 03:14:42","7.1","/data/T1w_seg.nii.gz","400","14","","","","","","","","","","","","","","","","","",""
"2025-12-16 03:14:42","7.1","/data/T1w_seg.nii.gz","401","14","","","","","","","","","","","","","","","","","",""
"2025-12-16 03:14:42","7.1","/data/T1w_seg.nii.gz","402","14","","","","","","","","","","","","","","","","","",""
"2025-12-16 03:14:42","7.1","/data/T1w_seg.nii.gz","403","14","","","","","","","","","","","","","","","","","",""
"2025-12-16 03:14:42","7.1","/data/T1w_seg.nii.gz","404","14","","","","","","","","","","","","","","","","","",""
"2025-12-16 03:14:42","7.1","/data/T1w_seg.nii.gz","405","14","","","","","","","","","","","","","","","","","",""
"2025-12-16 03:14:42","7.1","/data/T1w_seg.nii.gz","406","14","","","","","","","","","","","","","","","","","",""
"2025-12-16 03:14:42","7.1","/data/T1w_seg.nii.gz","407","14","","","","","","","","","","","","","","","","","",""
"2025-12-16 03:14:42","7.1","/data/T1w_seg.nii.gz","408","14","","","","","","","","","","","","","","","","","",""
"2025-12-16 03:14:42","7.1","/data/T1w_seg.nii.gz","409","14","","","","","","","","","","","","","","","","","",""
"2025-12-16 03:14:42","7.1","/data/T1w_seg.nii.gz","410","14","","","","","","","","","","","","","","","","","",""
"2025-12-16 03:14:42","7.1","/data/T1w_seg.nii.gz","411","14","","","","","","","","","","","","","","","","","",""
"2025-12-16 03:14:42","7.1","/data/T1w_seg.nii.gz","412","14","","","","","","","","","","","","","","","","","",""
"2025-12-16 03:14:42","7.1","/data/T1w_seg.nii.gz","413","14","","","","","","","","","","","","","","","","","",""
"2025-12-16 03:14:42","7.1","/data/T1w_seg.nii.gz","414","14","","","","","","","","","","","","","","","","","",""
"2025-12-16 03:14:42","7.1","/data/T1w_seg.nii.gz","415","14","","","","","","","","","","","","","","","","","",""
"2025-12-16 03:14:42","7.1","/data/T1w_seg.nii.gz","416","14","","","","","","","","","","","","","","","","","",""
"2025-12-16 03:14:42","7.1","/data/T1w_seg.nii.gz","417","14","","","","","","","","","","","","","","","","","",""
"2025-12-16 03:14:42","7.1","/data/T1w_seg.nii.gz","418","14","","","","","","","","","","","","","","","","","",""
"2025-12-16 03:14:42","7.1","/data/T1w_seg.nii.gz","419","14","","","","","","","","","","","","","","","","","",""
"2025-12-16 03:14:42","7.1","/data/T1w_seg.nii.gz","420","14","","","","","","","","","","","","","","","","","",""
"2025-12-16 03:14:42","7.1","/data/T1w_seg.nii.gz","421","14","","","","","","","","","","","","","","","","","",""
"2025-12-16 03:14:42","7.1","/data/T1w_seg.nii.gz","422","14","","","","","","","","","","","","","","","","","",""
"2025-12-16 03:14:42","7.1","/data/T1w_seg.nii.gz","423","14","","","","","","","","","","","","","","","","","",""
"2025-12-16 03:14:42","7.1","/data/T1w_seg.nii.gz","424","14","","","","","","","","","","","","","","","","","",""
"2025-12-16 03:14:42","7.1","/data/T1w_seg.nii.gz","425","14","","","","","","","","","","","","","","","","","",""
"2025-12-16 03:14:42","7.1","/data/T1w_seg.nii.gz","426","14","","","","","","","","","","","","","","","","","",""
"2025-12-16 03:14:42","7.1","/data/T1w_seg.nii.gz","427","14","","","","","","","","","","","","","","","","","",""
"2025-12-16 03:14:42","7.1","/data/T1w_seg.nii.gz","428","14","","","","","","","","","","","","","","","","","",""
"2025-12-16 03:14:42","7.1","/data/T1w_seg.nii.gz","429","14","","","","","","","","","","","","","","","","","",""
"2025-12-16 03:14:42","7.1","/data/T1w_seg.nii.gz","430","14","","","","","","","","","","","","","","","","","",""
"2025-12-16 03:14:42","7.1","/data/T1w_seg.nii.gz","431","14","","","","","","","","","","","","","","","","","",""
"2025-12-16 03:14:42","7.1","/data/T1w_seg.nii.gz","432","14","","","","","","","","","","","","","","","","","",""
"2025-12-16 03:14:42","7.1","/data/T1w_seg.nii.gz","433","14","","","","","","","","","","","","","","","","","",""
"2025-12-16 03:14:42","7.1","/data/T1w_seg.nii.gz","434","14","","","","","","","","","","","","","","","","","",""
"2025-12-16 03:14:42","7.1","/data/T1w_seg.nii.gz","435","14","","","","","","","","","","","","","","","","","",""
"2025-12-16 03:14:42","7.1","/data/T1w_seg.nii.gz","436","14","","","","","","","","","","","","","","","","","",""
"2025-12-16 03:14:42","7.1","/data/T1w_seg.nii.gz","437","14","","","","","","","","","","","","","","","","","",""
"2025-12-16 03:14:42","7.1","/data/T1w_seg.nii.gz","438","14","","","","","","","","","","","","","","","","","",""
"2025-12-16 03:14:42","7.1","/data/T1w_seg.nii.gz","439","14","","","","","","","","","","","","","","","","","",""
"2025-12-16 03:14:42","7.1","/data/T1w_seg.nii.gz","440","14","","","","","","","","","","","","","","","","","",""
"2025-12-16 03:14:42","7.1","/data/T1w_seg.nii.gz","441","14","","","","","","","","","","","","","","","","","",""
"2025-12-16 03:14:42","7.1","/data/T1w_seg.nii.gz","442","14","","","","","","","","","","","","","","","","","",""
"2025-12-16 03:14:42","7.1","/data/T1w_seg.nii.gz","443","14","","","","","","","","","","","","","","","","","",""
"2025-12-16 03:14:42","7.1","/data/T1w_seg.nii.gz","444","14","","","","","","","","","","","","","","","","","",""
"2025-12-16 03:14:42","7.1","/data/T1w_seg.nii.gz","445","14","","","","","","","","","","","","","","","","","",""
"2025-12-16 03:14:42","7.1","/data/T1w_seg.nii.gz","446","14","","","","","","","","","","","","","","","","","",""
"2025-12-16 03:14:42","7.1","/data/T1w_seg.nii.gz","447","14","","","","","","","","","","","","","","","","","",""
"2025-12-16 03:14:42","7.1","/data/T1w_seg.nii.gz","448","14","","","","","","","","","","","","","","","","","",""
"2025-12-16 03:14:42","7.1","/data/T1w_seg.nii.gz","449","14","","","","","","","","","","","","","","","","","",""
"2025-12-16 03:14:42","7.1","/data/T1w_seg.nii.gz","450","13","","","","","","","","","","","","","","","","","",""
"2025-12-16 03:14:42","7.1","/data/T1w_seg.nii.gz","451","13","","","","","","","","","","","","","","","","","",""
"2025-12-16 03:14:42","7.1","/data/T1w_seg.nii.gz","452","13","","","","","","","","","","","","","","","","","",""
"2025-12-16 03:14:42","7.1","/data/T1w_seg.nii.gz","453","13","","","","","","","","","","","","","","","","","",""
"2025-12-16 03:14:42","7.1","/data/T1w_seg.nii.gz","454","13","","","","","","","","","","","","","","","","","",""
"2025-12-16 03:14:42","7.1","/data/T1w_seg.nii.gz","455","13","","","","","","","","","","","","","","","","","",""
"2025-12-16 03:14:42","7.1","/data/T1w_seg.nii.gz","456","13","","","","","","","","","","","","","","","","","",""
"2025-12-16 03:14:42","7.1","/data/T1w_seg.nii.gz","457","13","","","","","","","","","","","","","","","","","",""
"2025-12-16 03:14:42","7.1","/data/T1w_seg.nii.gz","458","13","","","","","","","","","","","","","","","","","",""
"2025-12-16 03:14:42","7.1","/data/T1w_seg.nii.gz","459","13","","","","","","","","","","","","","","","","","",""
"2025-12-16 03:14:42","7.1","/data/T1w_seg.nii.gz","460","13","","","","","","","","","","","","","","","","","",""
"2025-12-16 03:14:42","7.1","/data/T1w_seg.nii.gz","461","13","","","","","","","","","","","","","","","","","",""
"2025-12-16 03:14:42","7.1","/data/T1w_seg.nii.gz","462","13","","","","","","","","","","","","","","","","","",""
"2025-12-16 03:14:42","7.1","/data/T1w_seg.nii.gz","463","13","","","","","","","","","","","","","","","","","",""
"2025-12-16 03:14:42","7.1","/data/T1w_seg.nii.gz","464","13","","","","","","","","","","","","","","","","","",""
"2025-12-16 03:14:42","7.1","/data/T1w_seg.nii.gz","465","13","","","","","","","","","","","","","","","","","",""
"2025-12-16 03:14:42","7.1","/data/T1w_seg.nii.gz","466","13","","","","","","","","","","","","","","","","","",""
"2025-12-16 03:14:42","7.1","/data/T1w_seg.nii.gz","467","13","","","","","","","","","","","","","","","","","",""
"2025-12-16 03:14:42","7.1","/data/T1w_seg.nii.gz","468","13","","","","","","","","","","","","","","","","","",""
"2025-12-16 03:14:42","7.1","/data/T1w_seg.nii.gz","469","13","","","","","","","","","","","","","","","","","",""
"2025-12-16 03:14:42","7.1","/data/T1w_seg.nii.gz","470","13","","","","","","","","","","","","","","","","","",""
"2025-12-16 03:14:42","7.1","/data/T1w_seg.nii.gz","471","13","","","","","","","","","","","","","","","","","",""
"2025-12-16 03:14:42","7.1","/data/T1w_seg.nii.gz","472","13","","","","","","","","","","","","","","","","","",""
"2025-12-16 03:14:42","7.1","/data/T1w_seg.nii.gz","473","13","","","","","","","","","","","","","","","","","",""
"2025-12-16 03:14:42","7.1","/data/T1w_seg.nii.gz","474","13","","","","","","","","","","","","","","","","","",""
"2025-12-16 03:14:42","7.1","/data/T1w_seg.nii.gz","475","13","","","","","","","","","","","","","","","","","",""
"2025-12-16 03:14:42","7.1","/data/T1w_seg.nii.gz","476","13","","","","","","","","","","","","","","","","","",""
"2025-12-16 03:14:42","7.1","/data/T1w_seg.nii.gz","477","13","","","","","","","","","","","","","","","","","",""
"2025-12-16 03:14:42","7.1","/data/T1w_seg.nii.gz","478","13","","","","","","","","","","","","","","","","","",""
"2025-12-16 03:14:42","7.1","/data/T1w_seg.nii.gz","479","13","","","","","","","","","","","","","","","","","",""
"2025-12-16 03:14:42","7.1","/data/T1w_seg.nii.gz","480","13","","","","","","","","","","","","","","","","","",""
"2025-12-16 03:14:42","7.1","/data/T1w_seg.nii.gz","481","13","","","","","","","","","","","","","","","","","",""
"2025-12-16 03:14:42","7.1","/data/T1w_seg.nii.gz","482","13","","","","","","","","","","","","","","","","","",""
"2025-12-16 03:14:42","7.1","/data/T1w_seg.nii.gz","483","13","","","","","","","","","","","","","","","","","",""
"2025-12-16 03:14:42","7.1","/data/T1w_seg.nii.gz","484","13","","","","","","","","","","","","","","","","","",""
"2025-12-16 03:14:42","7.1","/data/T1w_seg.nii.gz","485","13","","","","","","","","","","","","","","","","","",""
"2025-12-16 03:14:42","7.1","/data/T1w_seg.nii.gz","486","13","","","","","","","","","","","","","","","","","",""
"2025-12-16 03:14:42","7.1","/data/T1w_seg.nii.gz","487","13","","","","","","","","","","","","","","","","","",""
"2025-12-16 03:14:42","7.1","/data/T1w_seg.nii.gz","488","13","","","","","","","","","","","","","","","","","",""
"2025-12-16 03:14:42","7.1","/data/T1w_seg.nii.gz","489","13","","","","","","","","","","","","","","","","","",""
"2025-12-16 03:14:42","7.1","/data/T1w_seg.nii.gz","490","13","","","","","","","","","","","","","","","","","",""
"2025-12-16 03:14:42","7.1","/data/T1w_seg.nii.gz","491","13","","","","","","","","","","","","","","","","","",""
"2025-12-16 03:14:42","7.1","/data/T1w_seg.nii.gz","492","13","","","","","","","","","","","","","","","","","",""
"2025-12-16 03:14:42","7.1","/data/T1w_seg.nii.gz","493","13","","","","","","","","","","","","","","","","","",""
"2025-12-16 03:14:42","7.1","/data/T1w_seg.nii.gz","494","13","","","","","","","","","","","","","","","","","",""
"2025-12-16 03:14:42","7.1","/data/T1w_seg.nii.gz","495","13","","","","","","","","","","","","","","","","","",""
"2025-12-16 03:14:42","7.1","/data/T1w_seg.nii.gz","496","13","","","","","","","","","","","","","","","","","",""
"2025-12-16 03:14:42","7.1","/data/T1w_seg.nii.gz","497","13","","","","","","","","","","","","","","","","","",""
"2025-12-16 03:14:42","7.1","/data/T1w_seg.nii.gz","498","13","","","","","","","","","","","","","","","","","",""
"2025-12-16 03:14:42","7.1","/data/T1w_seg.nii.gz","499","13","","","","","","","","","","","","","","","","","",""
"2025-12-16 03:14:42","7.1","/data/T1w_seg.nii.gz","500","13","","","","","","","","","","","","","","","","","",""
"2025-12-16 03:14:42","7.1","/data/T1w_seg.nii.gz","501","12","","","","","","","","","","","","","","","","","",""
"2025-12-16 03:14:42","7.1","/data/T1w_seg.nii.gz","502","12","","","","","","","","","","","","","","","","","",""
"2025-12-16 03:14:42","7.1","/data/T1w_seg.nii.gz","503","12","","","","","","","","","","","","","","","","","",""
"2025-12-16 03:14:42","7.1","/data/T1w_seg.nii.gz","504","12","","","","","","","","","","","","","","","","","",""
"2025-12-16 03:14:42","7.1","/data/T1w_seg.nii.gz","505","12","","","","","","","","","","","","","","","","","",""
"2025-12-16 03:14:42","7.1","/data/T1w_seg.nii.gz","506","12","","","","","","","","","","","","","","","","","",""
"2025-12-16 03:14:42","7.1","/data/T1w_seg.nii.gz","507","12","","","","","","","","","","","","","","","","","",""
"2025-12-16 03:14:42","7.1","/data/T1w_seg.nii.gz","508","12","","","","","","","","","","","","","","","","","",""
"2025-12-16 03:14:42","7.1","/data/T1w_seg.nii.gz","509","12","","","","","","","","","","","","","","","","","",""
"2025-12-16 03:14:42","7.1","/data/T1w_seg.nii.gz","510","12","","","","","","","","","","","","","","","","","",""
"2025-12-16 03:14:42","7.1","/data/T1w_seg.nii.gz","511","12","","","","","","","","","","","","","","","","","",""
"2025-12-16 03:14:42","7.1","/data/T1w_seg.nii.gz","512","12","","","","","","","","","","","","","","","","","",""
"2025-12-16 03:14:42","7.1","/data/T1w_seg.nii.gz","513","12","","","","","","","","","","","","","","","","","",""
"2025-12-16 03:14:42","7.1","/data/T1w_seg.nii.gz","514","12","","","","","","","","","","","","","","","","","",""
"2025-12-16 03:14:42","7.1","/data/T1w_seg.nii.gz","515","12","","","","","","","","","","","","","","","","","",""
"2025-12-16 03:14:42","7.1","/data/T1w_seg.nii.gz","516","12","","","","","","","","","","","","","","","","","",""
"2025-12-16 03:14:42","7.1","/data/T1w_seg.nii.gz","517","12","","","","","","","","","","","","","","","","","",""
"2025-12-16 03:14:42","7.1","/data/T1w_seg.nii.gz","518","12","","","","","","","","","","","","","","","","","",""
"2025-12-16 03:14:42","7.1","/data/T1w_seg.nii.gz","519","12","","","","","","","","","","","","","","","","","",""
"2025-12-16 03:14:42","7.1","/data/T1w_seg.nii.gz","520","12","","","","","","","","","","","","","","","","","",""
"2025-12-16 03:14:42","7.1","/data/T1w_seg.nii.gz","521","12","","","","","","","","","","","","","","","","","",""
"2025-12-16 03:14:42","7.1","/data/T1w_seg.nii.gz","522","12","","","","","","","","","","","","","","","","","",""
"2025-12-16 03:14:42","7.1","/data/T1w_seg.nii.gz","523","12","","","","","","","","","","","","","","","","","",""
"2025-12-16 03:14:42","7.1","/data/T1w_seg.nii.gz","524","12","","","","","","","","","","","","","","","","","",""
"2025-12-16 03:14:42","7.1","/data/T1w_seg.nii.gz","525","12","","","","","","","","","","","","","","","","","",""
"2025-12-16 03:14:42","7.1","/data/T1w_seg.nii.gz","526","12","","","","","","","","","","","","","","","","","",""
"2025-12-16 03:14:42","7.1","/data/T1w_seg.nii.gz","527","12","","","","","","","","","","","","","","","","","",""
"2025-12-16 03:14:42","7.1","/data/T1w_seg.nii.gz","528","12","","","","","","","","","","","","","","","","","",""
"2025-12-16 03:14:42","7.1","/data/T1w_seg.nii.gz","529","12","","","","","","","","","","","","","","","","","",""
"2025-12-16 03:14:42","7.1","/data/T1w_seg.nii.gz","530","12","","","","","","","","","","","","","","","","","",""
"2025-12-16 03:14:42","7.1","/data/T1w_seg.nii.gz","531","12","","","","","","","","","","","","","","","","","",""
"2025-12-16 03:14:42","7.1","/data/T1w_seg.nii.gz","532","12","","","","","","","","","","","","","","","","","",""
"2025-12-16 03:14:42","7.1","/data/T1w_seg.nii.gz","533","12","","","","","","","","","","","","","","","","","",""
"2025-12-16 03:14:42","7.1","/data/T1w_seg.nii.gz","534","12","","","","","","","","","","","","","","","","","",""
"2025-12-16 03:14:42","7.1","/data/T1w_seg.nii.gz","535","12","","","","","","","","","","","","","","","","","",""
"2025-12-16 03:14:42","7.1","/data/T1w_seg.nii.gz","536","12","","","","","","","","","","","","","","","","","",""
"2025-12-16 03:14:42","7.1","/data/T1w_seg.nii.gz","537","12","","","","","","","","","","","","","","","","","",""
"2025-12-16 03:14:42","7.1","/data/T1w_seg.nii.gz","538","12","","","","","","","","","","","","","","","","","",""
"2025-12-16 03:14:42","7.1","/data/T1w_seg.nii.gz","539","12","","","","","","","","","","","","","","","","","",""
"2025-12-16 03:14:42","7.1","/data/T1w_seg.nii.gz","540","12","","","","","","","","","","","","","","","","","",""
"2025-12-16 03:14:42","7.1","/data/T1w_seg.nii.gz","541","12","","","","","","","","","","","","","","","","","",""
"2025-12-16 03:14:42","7.1","/data/T1w_seg.nii.gz","542","12","","","","","","","","","","","","","","","","","",""
"2025-12-16 03:14:42","7.1","/data/T1w_seg.nii.gz","543","12","","","","","","","","","","","","","","","","","",""
"2025-12-16 03:14:42","7.1","/data/T1w_seg.nii.gz","544","12","","","","","","","","","","","","","","","","","",""
"2025-12-16 03:14:42","7.1","/data/T1w_seg.nii.gz","545","12","","","","","","","","","","","","","","","","","",""
"2025-12-16 03:14:42","7.1","/data/T1w_seg.nii.gz","546","12","","","","","","","","","","","","","","","","","",""
"2025-12-16 03:14:42","7.1","/data/T1w_seg.nii.gz","547","12","","","","","","","","","","","","","","","","","",""
"2025-12-16 03:14:42","7.1","/data/T1w_seg.nii.gz","548","12","","","","","","","","","","","","","","","","","",""
"2025-12-16 03:14:42","7.1","/data/T1w_seg.nii.gz","549","12","","","","","","","","","","","","","","","","","",""
"2025-12-16 03:14:42","7.1","/data/T1w_seg.nii.gz","550","12","","","","","","","","","","","","","","","","","",""
"2025-12-16 03:14:42","7.1","/data/T1w_seg.nii.gz","551","12","","","","","","","","","","","","","","","","","",""
"2025-12-16 03:14:42","7.1","/data/T1w_seg.nii.gz","552","11","","","","","","","","","","","","","","","","","",""
"2025-12-16 03:14:42","7.1","/data/T1w_seg.nii.gz","553","11","","","","","","","","","","","","","","","","","",""
"2025-12-16 03:14:42","7.1","/data/T1w_seg.nii.gz","554","11","","","","","","","","","","","","","","","","","",""
"2025-12-16 03:14:42","7.1","/data/T1w_seg.nii.gz","555","11","","","","","","","","","","","","","","","","","",""
"2025-12-16 03:14:42","7.1","/data/T1w_seg.nii.gz","556","11","","","","","","","","","","","","","","","","","",""
"2025-12-16 03:14:42","7.1","/data/T1w_seg.nii.gz","557","11","","","","","","","","","","","","","","","","","",""
"2025-12-16 03:14:42","7.1","/data/T1w_seg.nii.gz","558","11","","","","","","","","","","","","","","","","","",""
"2025-12-16 03:14:42","7.1","/data/T1w_seg.nii.gz","559","11","","","","","","","","","","","","","","","","","",""
"2025-12-16 03:14:42","7.1","/data/T1w_seg.nii.gz","560","11","","","","","","","","","","","","","","","","","",""
"2025-12-16 03:14:42","7.1","/data/T1w_seg.nii.gz","561","11","","","","","","","","","","","","","","","","","",""
"2025-12-16 03:14:42","7.1","/data/T1w_seg.nii.gz","562","11","","","","","","","","","","","","","","","","","",""
"2025-12-16 03:14:42","7.1","/data/T1w_seg.nii.gz","563","11","","","","","","","","","","","","","","","","","",""
"2025-12-16 03:14:42","7.1","/data/T1w_seg.nii.gz","564","11","","","","","","","","","","","","","","","","","",""
"2025-12-16 03:14:42","7.1","/data/T1w_seg.nii.gz","565","11","","","","","","","","","","","","","","","","","",""
"2025-12-16 03:14:42","7.1","/data/T1w_seg.nii.gz","566","11","","","","","","","","","","","","","","","","","",""
"2025-12-16 03:14:42","7.1","/data/T1w_seg.nii.gz","567","11","","","","","","","","","","","","","","","","","",""
"2025-12-16 03:14:42","7.1","/data/T1w_seg.nii.gz","568","11","","","","","","","","","","","","","","","","","",""
"2025-12-16 03:14:42","7.1","/data/T1w_seg.nii.gz","569","11","","","","","","","","","","","","","","","","","",""
"2025-12-16 03:14:42","7.1","/data/T1w_seg.nii.gz","570","11","","","","","","","","","","","","","","","","","",""
"2025-12-16 03:14:42","7.1","/data/T1w_seg.nii.gz","571","11","","","","","","","","","","","","","","","","","",""
"2025-12-16 03:14:42","7.1","/data/T1w_seg.nii.gz","572","11","","","","","","","","","","","","","","","","","",""
"2025-12-16 03:14:42","7.1","/data/T1w_seg.nii.gz","573","11","","","","","","","","","","","","","","","","","",""
"2025-12-16 03:14:42","7.1","/data/T1w_seg.nii.gz","574","11","","","","","","","","","","","","","","","","","",""
"2025-12-16 03:14:42","7.1","/data/T1w_seg.nii.gz","575","11","","","","","","","","","","","","","","","","","",""
"2025-12-16 03:14:42","7.1","/data/T1w_seg.nii.gz","576","11","","","","","","","","","","","","","","","","","",""
"2025-12-16 03:14:42","7.1","/data/T1w_seg.nii.gz","577","11","","","","","","","","","","","","","","","","","",""
"2025-12-16 03:14:42","7.1","/data/T1w_seg.nii.gz","578","11","","","","","","","","","","","","","","","","","",""
"2025-12-16 03:14:42","7.1","/data/T1w_seg.nii.gz","579","11","","","","","","","","","","","","","","","","","",""
"2025-12-16 03:14:42","7.1","/data/T1w_seg.nii.gz","580","11","","","","","","","","","","","","","","","","","",""
"2025-12-16 03:14:42","7.1","/data/T1w_seg.nii.gz","581","11","","","","","","","","","","","","","","","","","",""
"2025-12-16 03:14:42","7.1","/data/T1w_seg.nii.gz","582","11","","","","","","","","","","","","","","","","","",""
"2025-12-16 03:14:42","7.1","/data/T1w_seg.nii.gz","583","11","","","","","","","","","","","","","","","","","",""
"2025-12-16 03:14:42","7.1","/data/T1w_seg.nii.gz","584","11","","","","","","","","","","","","","","","","","",""
"2025-12-16 03:14:42","7.1","/data/T1w_seg.nii.gz","585","11","","","","","","","","","","","","","","","","","",""
"2025-12-16 03:14:42","7.1","/data/T1w_seg.nii.gz","586","11","","","","","","","","","","","","","","","","","",""
"2025-12-16 03:14:42","7.1","/data/T1w_seg.nii.gz","587","11","","","","","","","","","","","","","","","","","",""
"2025-12-16 03:14:42","7.1","/data/T1w_seg.nii.gz","588","11","","","","","","","","","","","","","","","","","",""
"2025-12-16 03:14:42","7.1","/data/T1w_seg.nii.gz","589","11","","","","","","","","","","","","","","","","","",""
"2025-12-16 03:14:42","7.1","/data/T1w_seg.nii.gz","590","11","","","","","","","","","","","","","","","","","",""
"2025-12-16 03:14:42","7.1","/data/T1w_seg.nii.gz","591","11","","","","","","","","","","","","","","","","","",""
"2025-12-16 03:14:42","7.1","/data/T1w_seg.nii.gz","592","11","","","","","","","","","","","","","","","","","",""
"2025-12-16 03:14:42","7.1","/data/T1w_seg.nii.gz","593","11","","","","","","","","","","","","","","","","","",""
"2025-12-16 03:14:42","7.1","/data/T1w_seg.nii.gz","594","11","","","","","","","","","","","","","","","","","",""
"2025-12-16 03:14:42","7.1","/data/T1w_seg.nii.gz","595","11","","","","","","","","","","","","","","","","","",""
"2025-12-16 03:14:42","7.1","/data/T1w_seg.nii.gz","596","11","","","","","","","","","","","","","","","","","",""
"2025-12-16 03:14:42","7.1","/data/T1w_seg.nii.gz","597","11","","","","","","","","","","","","","","","","","",""
"2025-12-16 03:14:42","7.1","/data/T1w_seg.nii.gz","598","11","","","","","","","","","","","","","","","","","",""
"2025-12-16 03:14:42","7.1","/data/T1w_seg.nii.gz","599","11","","","","","","","","","","","","","","","","","",""
"2025-12-16 03:14:42","7.1","/data/T1w_seg.nii.gz","600","11","","","","","","","","","","","","","","","","","",""
"2025-12-16 03:14:42","7.1","/data/T1w_seg.nii.gz","601","10","","","","","","","","","","","","","","","","","",""
"2025-12-16 03:14:42","7.1","/data/T1w_seg.nii.gz","602","10","","","","","","","","","","","","","","","","","",""
"2025-12-16 03:14:42","7.1","/data/T1w_seg.nii.gz","603","10","","","","","","","","","","","","","","","","","",""
"2025-12-16 03:14:42","7.1","/data/T1w_seg.nii.gz","604","10","","","","","","","","","","","","","","","","","",""
"2025-12-16 03:14:42","7.1","/data/T1w_seg.nii.gz","605","10","","","","","","","","","","","","","","","","","",""
"2025-12-16 03:14:42","7.1","/data/T1w_seg.nii.gz","606","10","","","","","","","","","","","","","","","","","",""
"2025-12-16 03:14:42","7.1","/data/T1w_seg.nii.gz","607","10","","","","","","","","","","","","","","","","","",""
"2025-12-16 03:14:42","7.1","/data/T1w_seg.nii.gz","608","10","","","","","","","","","","","","","","","","","",""
"2025-12-16 03:14:42","7.1","/data/T1w_seg.nii.gz","609","10","","","","","","","","","","","","","","","","","",""
"2025-12-16 03:14:42","7.1","/data/T1w_seg.nii.gz","610","10","","","","","","","","","","","","","","","","","",""
"2025-12-16 03:14:42","7.1","/data/T1w_seg.nii.gz","611","10","","","","","","","","","","","","","","","","","",""
"2025-12-16 03:14:42","7.1","/data/T1w_seg.nii.gz","612","10","","","","","","","","","","","","","","","","","",""
"2025-12-16 03:14:42","7.1","/data/T1w_seg.nii.gz","613","10","","","","","","","","","","","","","","","","","",""
"2025-12-16 03:14:42","7.1","/data/T1w_seg.nii.gz","614","10","","","","","","","","","","","","","","","","","",""
"2025-12-16 03:14:42","7.1","/data/T1w_seg.nii.gz","615","10","","","","","","","","","","","","","","","","","",""
"2025-12-16 03:14:42","7.1","/data/T1w_seg.nii.gz","616","10","","","","","","","","","","","","","","","","","",""
"2025-12-16 03:14:42","7.1","/data/T1w_seg.nii.gz","617","10","","","","","","","","","","","","","","","","","",""
"2025-12-16 03:14:42","7.1","/data/T1w_seg.nii.gz","618","10","","","","","","","","","","","","","","","","","",""
"2025-12-16 03:14:42","7.1","/data/T1w_seg.nii.gz","619","10","","","","","","","","","","","","","","","","","",""
"2025-12-16 03:14:42","7.1","/data/T1w_seg.nii.gz","620","10","","","","","","","","","","","","","","","","","",""
"2025-12-16 03:14:42","7.1","/data/T1w_seg.nii.gz","621","10","","","","","","","","","","","","","","","","","",""
"2025-12-16 03:14:42","7.1","/data/T1w_seg.nii.gz","622","10","","","","","","","","","","","","","","","","","",""
"2025-12-16 03:14:42","7.1","/data/T1w_seg.nii.gz","623","10","","","","","","","","","","","","","","","","","",""
"2025-12-16 03:14:42","7.1","/data/T1w_seg.nii.gz","624","10","","","","","","","","","","","","","","","","","",""
"2025-12-16 03:14:42","7.1","/data/T1w_seg.nii.gz","625","10","","","","","","","","","","","","","","","","","",""
"2025-12-16 03:14:42","7.1","/data/T1w_seg.nii.gz","626","10","","","","","","","","","","","","","","","","","",""
"2025-12-16 03:14:42","7.1","/data/T1w_seg.nii.gz","627","10","","","","","","","","","","","","","","","","","",""
"2025-12-16 03:14:42","7.1","/data/T1w_seg.nii.gz","628","10","","","","","","","","","","","","","","","","","",""
"2025-12-16 03:14:42","7.1","/data/T1w_seg.nii.gz","629","10","","","","","","","","","","","","","","","","","",""
"2025-12-16 03:14:42","7.1","/data/T1w_seg.nii.gz","630","10","","","","","","","","","","","","","","","","","",""
"2025-12-16 03:14:42","7.1","/data/T1w_seg.nii.gz","631","10","","","","","","","","","","","","","","","","","",""
"2025-12-16 03:14:42","7.1","/data/T1w_seg.nii.gz","632","10","","","","","","","","","","","","","","","","","",""
"2025-12-16 03:14:42","7.1","/data/T1w_seg.nii.gz","633","10","","","","","","","","","","","","","","","","","",""
"2025-12-16 03:14:42","7.1","/data/T1w_seg.nii.gz","634","10","","","","","","","","","","","","","","","","","",""
"2025-12-16 03:14:42","7.1","/data/T1w_seg.nii.gz","635","10","","","","","","","","","","","","","","","","","",""
"2025-12-16 03:14:42","7.1","/data/T1w_seg.nii.gz","636","10","","","","","","","","","","","","","","","","","",""
"2025-12-16 03:14:42","7.1","/data/T1w_seg.nii.gz","637","10","","","","","","","","","","","","","","","","","",""
"2025-12-16 03:14:42","7.1","/data/T1w_seg.nii.gz","638","10","","","","","","","","","","","","","","","","","",""
"2025-12-16 03:14:42","7.1","/data/T1w_seg.nii.gz","639","10","","","","","","","","","","","","","","","","","",""
"2025-12-16 03:14:42","7.1","/data/T1w_seg.nii.gz","640","10","","","","","","","","","","","","","","","","","",""
"2025-12-16 03:14:42","7.1","/data/T1w_seg.nii.gz","641","10","","","","","","","","","","","","","","","","","",""
"2025-12-16 03:14:42","7.1","/data/T1w_seg.nii.gz","642","10","","","","","","","","","","","","","","","","","",""
"2025-12-16 03:14:42","7.1","/data/T1w_seg.nii.gz","643","10","","","","","","","","","","","","","","","","","",""
"2025-12-16 03:14:42","7.1","/data/T1w_seg.nii.gz","644","10","","","","","","","","","","","","","","","","","",""
"2025-12-16 03:14:42","7.1","/data/T1w_seg.nii.gz","645","10","","","","","","","","","","","","","","","","","",""
"2025-12-16 03:14:42","7.1","/data/T1w_seg.nii.gz","646","10","","","","","","","","","","","","","","","","","",""
"2025-12-16 03:14:42","7.1","/data/T1w_seg.nii.gz","647","9","","","","","","","","","","","","","","","","","",""
"2025-12-16 03:14:42","7.1","/data/T1w_seg.nii.gz","648","9","","","","","","","","","","","","","","","","","",""
"2025-12-16 03:14:42","7.1","/data/T1w_seg.nii.gz","649","9","","","","","","","","","","","","","","","","","",""
"2025-12-16 03:14:42","7.1","/data/T1w_seg.nii.gz","650","9","","","","","","","","","","","","","","","","","",""
"2025-12-16 03:14:42","7.1","/data/T1w_seg.nii.gz","651","9","","","","","","","","","","","","","","","","","",""
"2025-12-16 03:14:42","7.1","/data/T1w_seg.nii.gz","652","9","","","","","","","","","","","","","","","","","",""
"2025-12-16 03:14:42","7.1","/data/T1w_seg.nii.gz","653","9","","","","","","","","","","","","","","","","","",""
"2025-12-16 03:14:42","7.1","/data/T1w_seg.nii.gz","654","9","","","","","","","","","","","","","","","","","",""
"2025-12-16 03:14:42","7.1","/data/T1w_seg.nii.gz","655","9","","","","","","","","","","","","","","","","","",""
"2025-12-16 03:14:42","7.1","/data/T1w_seg.nii.gz","656","9","","","","","","","","","","","","","","","","","",""
"2025-12-16 03:14:42","7.1","/data/T1w_seg.nii.gz","657","9","","","","","","","","","","","","","","","","","",""
"2025-12-16 03:14:42","7.1","/data/T1w_seg.nii.gz","658","9","","","","","","","","","","","","","","","","","",""
"2025-12-16 03:14:42","7.1","/data/T1w_seg.nii.gz","659","9","","","","","","","","","","","","","","","","","",""
"2025-12-16 03:14:42","7.1","/data/T1w_seg.nii.gz","660","9","","","","","","","","","","","","","","","","","",""
"2025-12-16 03:14:42","7.1","/data/T1w_seg.nii.gz","661","9","","","","","","","","","","","","","","","","","",""
"2025-12-16 03:14:42","7.1","/data/T1w_seg.nii.gz","662","9","","","","","","","","","","","","","","","","","",""
"2025-12-16 03:14:42","7.1","/data/T1w_seg.nii.gz","663","9","","","","","","","","","","","","","","","","","",""
"2025-12-16 03:14:42","7.1","/data/T1w_seg.nii.gz","664","9","","","","","","","","","","","","","","","","","",""
"2025-12-16 03:14:42","7.1","/data/T1w_seg.nii.gz","665","9","","","","","","","","","","","","","","","","","",""
"2025-12-16 03:14:42","7.1","/data/T1w_seg.nii.gz","666","9","","","","","","","","","","","","","","","","","",""
"2025-12-16 03:14:42","7.1","/data/T1w_seg.nii.gz","667","9","","","","","","","","","","","","","","","","","",""
"2025-12-16 03:14:42","7.1","/data/T1w_seg.nii.gz","668","9","","","","","","","","","","","","","","","","","",""
"2025-12-16 03:14:42","7.1","/data/T1w_seg.nii.gz","669","9","","","","","","","","","","","","","","","","","",""
"2025-12-16 03:14:42","7.1","/data/T1w_seg.nii.gz","670","9","","","","","","","","","","","","","","","","","",""
"2025-12-16 03:14:42","7.1","/data/T1w_seg.nii.gz","671","9","","","","","","","","","","","","","","","","","",""
"2025-12-16 03:14:42","7.1","/data/T1w_seg.nii.gz","672","9","","","","","","","","","","","","","","","","","",""
"2025-12-16 03:14:42","7.1","/data/T1w_seg.nii.gz","673","9","","","","","","","","","","","","","","","","","",""
"2025-12-16 03:14:42","7.1","/data/T1w_seg.nii.gz","674","9","","","","","","","","","","","","","","","","","",""
"2025-12-16 03:14:42","7.1","/data/T1w_seg.nii.gz","675","9","","","","","","","","","","","","","","","","","",""
"2025-12-16 03:14:42","7.1","/data/T1w_seg.nii.gz","676","9","","","","","","","","","","","","","","","","","",""
"2025-12-16 03:14:42","7.1","/data/T1w_seg.nii.gz","677","9","","","","","","","","","","","","","","","","","",""
"2025-12-16 03:14:42","7.1","/data/T1w_seg.nii.gz","678","9","","","","","","","","","","","","","","","","","",""
"2025-12-16 03:14:42","7.1","/data/T1w_seg.nii.gz","679","9","","","","","","","","","","","","","","","","","",""
"2025-12-16 03:14:42","7.1","/data/T1w_seg.nii.gz","680","9","","","","","","","","","","","","","","","","","",""
"2025-12-16 03:14:42","7.1","/data/T1w_seg.nii.gz","681","9","","","","","","","","","","","","","","","","","",""
"2025-12-16 03:14:42","7.1","/data/T1w_seg.nii.gz","682","9","","","","","","","","","","","","","","","","","",""
"2025-12-16 03:14:42","7.1","/data/T1w_seg.nii.gz","683","9","","","","","","","","","","","","","","","","","",""
"2025-12-16 03:14:42","7.1","/data/T1w_seg.nii.gz","684","9","","","","","","","","","","","","","","","","","",""
"2025-12-16 03:14:42","7.1","/data/T1w_seg.nii.gz","685","9","","","","","","","","","","","","","","","","","",""
"2025-12-16 03:14:42","7.1","/data/T1w_seg.nii.gz","686","9","","","","","","","","","","","","","","","","","",""
"2025-12-16 03:14:42","7.1","/data/T1w_seg.nii.gz","687","9","","","","","","","","","","","","","","","","","",""
"2025-12-16 03:14:42","7.1","/data/T1w_seg.nii.gz","688","9","","","","","","","","","","","","","","","","","",""
"2025-12-16 03:14:42","7.1","/data/T1w_seg.nii.gz","689","9","","","","","","","","","","","","","","","","","",""
"2025-12-16 03:14:42","7.1","/data/T1w_seg.nii.gz","690","9","","","","","","","","","","","","","","","","","",""
"2025-12-16 03:14:42","7.1","/data/T1w_seg.nii.gz","691","9","","","","","","","","","","","","","","","","","",""
"2025-12-16 03:14:42","7.1","/data/T1w_seg.nii.gz","692","9","","","","","","","","","","","","","","","","","",""
"2025-12-16 03:14:42","7.1","/data/T1w_seg.nii.gz","693","8","","","","","","","","","","","","","","","","","",""
"2025-12-16 03:14:42","7.1","/data/T1w_seg.nii.gz","694","8","","","","","","","","","","","","","","","","","",""
"2025-12-16 03:14:42","7.1","/data/T1w_seg.nii.gz","695","8","","","","","","","","","","","","","","","","","",""
"2025-12-16 03:14:42","7.1","/data/T1w_seg.nii.gz","696","8","","","","","","","","","","","","","","","","","",""
"2025-12-16 03:14:42","7.1","/data/T1w_seg.nii.gz","697","8","","","","","","","","","","","","","","","","","",""
"2025-12-16 03:14:42","7.1","/data/T1w_seg.nii.gz","698","8","","","","","","","","","","","","","","","","","",""
"2025-12-16 03:14:42","7.1","/data/T1w_seg.nii.gz","699","8","","","","","","","","","","","","","","","","","",""
"2025-12-16 03:14:42","7.1","/data/T1w_seg.nii.gz","700","8","","","","","","","","","","","","","","","","","",""
"2025-12-16 03:14:42","7.1","/data/T1w_seg.nii.gz","701","8","","","","","","","","","","","","","","","","","",""
"2025-12-16 03:14:42","7.1","/data/T1w_seg.nii.gz","702","8","","","","","","","","","","","","","","","","","",""
"2025-12-16 03:14:42","7.1","/data/T1w_seg.nii.gz","703","8","","","","","","","","","","","","","","","","","",""
"2025-12-16 03:14:42","7.1","/data/T1w_seg.nii.gz","704","8","","","","","","","","","","","","","","","","","",""
"2025-12-16 03:14:42","7.1","/data/T1w_seg.nii.gz","705","8","","","","","","","","","","","","","","","","","",""
"2025-12-16 03:14:42","7.1","/data/T1w_seg.nii.gz","706","8","","","","","","","","","","","","","","","","","",""
"2025-12-16 03:14:42","7.1","/data/T1w_seg.nii.gz","707","8","","","","","","","","","","","","","","","","","",""
"2025-12-16 03:14:42","7.1","/data/T1w_seg.nii.gz","708","8","","","","","","","","","","","","","","","","","",""
"2025-12-16 03:14:42","7.1","/data/T1w_seg.nii.gz","709","8","","","","","","","","","","","","","","","","","",""
"2025-12-16 03:14:42","7.1","/data/T1w_seg.nii.gz","710","8","","","","","","","","","","","","","","","","","",""
"2025-12-16 03:14:42","7.1","/data/T1w_seg.nii.gz","711","8","","","","","","","","","","","","","","","","","",""
"2025-12-16 03:14:42","7.1","/data/T1w_seg.nii.gz","712","8","","","","","","","","","","","","","","","","","",""
"2025-12-16 03:14:42","7.1","/data/T1w_seg.nii.gz","713","8","","","","","","","","","","","","","","","","","",""
"2025-12-16 03:14:42","7.1","/data/T1w_seg.nii.gz","714","8","","","","","","","","","","","","","","","","","",""
"2025-12-16 03:14:42","7.1","/data/T1w_seg.nii.gz","715","8","","","","","","","","","","","","","","","","","",""
"2025-12-16 03:14:42","7.1","/data/T1w_seg.nii.gz","716","8","","","","","","","","","","","","","","","","","",""
"2025-12-16 03:14:42","7.1","/data/T1w_seg.nii.gz","717","8","","","","","","","","","","","","","","","","","",""
"2025-12-16 03:14:42","7.1","/data/T1w_seg.nii.gz","718","8","","","","","","","","","","","","","","","","","",""
"2025-12-16 03:14:42","7.1","/data/T1w_seg.nii.gz","719","8","","","","","","","","","","","","","","","","","",""
"2025-12-16 03:14:42","7.1","/data/T1w_seg.nii.gz","720","8","","","","","","","","","","","","","","","","","",""
"2025-12-16 03:14:42","7.1","/data/T1w_seg.nii.gz","721","8","","","","","","","","","","","","","","","","","",""
"2025-12-16 03:14:42","7.1","/data/T1w_seg.nii.gz","722","8","","","","","","","","","","","","","","","","","",""
"2025-12-16 03:14:42","7.1","/data/T1w_seg.nii.gz","723","8","","","","","","","","","","","","","","","","","",""
"2025-12-16 03:14:42","7.1","/data/T1w_seg.nii.gz","724","8","","","","","","","","","","","","","","","","","",""
"2025-12-16 03:14:42","7.1","/data/T1w_seg.nii.gz","725","8","","","","","","","","","","","","","","","","","",""
"2025-12-16 03:14:42","7.1","/data/T1w_seg.nii.gz","726","8","","","","","","","","","","","","","","","","","",""
"2025-12-16 03:14:42","7.1","/data/T1w_seg.nii.gz","727","8","","","","","","","","","","","","","","","","","",""
"2025-12-16 03:14:42","7.1","/data/T1w_seg.nii.gz","728","8","","","","","","","","","","","","","","","","","",""
"2025-12-16 03:14:42","7.1","/data/T1w_seg.nii.gz","729","8","","","","","","","","","","","","","","","","","",""
"2025-12-16 03:14:42","7.1","/data/T1w_seg.nii.gz","730","8","","","","","","","","","","","","","","","","","",""
"2025-12-16 03:14:42","7.1","/data/T1w_seg.nii.gz","731","8","","","","","","","","","","","","","","","","","",""
"2025-12-16 03:14:42","7.1","/data/T1w_seg.nii.gz","732","8","","","","","","","","","","","","","","","","","",""
"2025-12-16 03:14:42","7.1","/data/T1w_seg.nii.gz","733","8","","","","","","","","","","","","","","","","","",""
"2025-12-16 03:14:42","7.1","/data/T1w_seg.nii.gz","734","8","","","","","","","","","","","","","","","","","",""
"2025-12-16 03:14:42","7.1","/data/T1w_seg.nii.gz","735","8","","","","","","","","","","","","","","","","","",""
"2025-12-16 03:14:42","7.1","/data/T1w_seg.nii.gz","736","7","","","","","","","","","","","","","","","","","",""
"2025-12-16 03:14:42","7.1","/data/T1w_seg.nii.gz","737","7","","","","","","","","","","","","","","","","","",""
"2025-12-16 03:14:42","7.1","/data/T1w_seg.nii.gz","738","7","","","","","","","","","","","","","","","","","",""
"2025-12-16 03:14:42","7.1","/data/T1w_seg.nii.gz","739","7","","","","","","","","","","","","","","","","","",""
"2025-12-16 03:14:42","7.1","/data/T1w_seg.nii.gz","740","7","","","","","","","","","","","","","","","","","",""
"2025-12-16 03:14:42","7.1","/data/T1w_seg.nii.gz","741","7","","","","","","","","","","","","","","","","","",""
"2025-12-16 03:14:42","7.1","/data/T1w_seg.nii.gz","742","7","","","","","","","","","","","","","","","","","",""
"2025-12-16 03:14:42","7.1","/data/T1w_seg.nii.gz","743","7","","","","","","","","","","","","","","","","","",""
"2025-12-16 03:14:42","7.1","/data/T1w_seg.nii.gz","744","7","","","","","","","","","","","","","","","","","",""
"2025-12-16 03:14:42","7.1","/data/T1w_seg.nii.gz","745","7","","","","","","","","","","","","","","","","","",""
"2025-12-16 03:14:42","7.1","/data/T1w_seg.nii.gz","746","7","","","","","","","","","","","","","","","","","",""
"2025-12-16 03:14:42","7.1","/data/T1w_seg.nii.gz","747","7","","","","","","","","","","","","","","","","","",""
"2025-12-16 03:14:42","7.1","/data/T1w_seg.nii.gz","748","7","","","","","","","","","","","","","","","","","",""
"2025-12-16 03:14:42","7.1","/data/T1w_seg.nii.gz","749","7","","","","","","","","","","","","","","","","","",""
"2025-12-16 03:14:42","7.1","/data/T1w_seg.nii.gz","750","7","","","","","","","","","","","","","","","","","",""
"2025-12-16 03:14:42","7.1","/data/T1w_seg.nii.gz","751","7","","","","","","","","","","","","","","","","","",""
"2025-12-16 03:14:42","7.1","/data/T1w_seg.nii.gz","752","7","","","","","","","","","","","","","","","","","",""
"2025-12-16 03:14:42","7.1","/data/T1w_seg.nii.gz","753","7","","","","","","","","","","","","","","","","","",""
"2025-12-16 03:14:42","7.1","/data/T1w_seg.nii.gz","754","7","","","","","","","","","","","","","","","","","",""
"2025-12-16 03:14:42","7.1","/data/T1w_seg.nii.gz","755","7","","","","","","","","","","","","","","","","","",""
"2025-12-16 03:14:42","7.1","/data/T1w_seg.nii.gz","756","7","","","","","","","","","","","","","","","","","",""
"2025-12-16 03:14:42","7.1","/data/T1w_seg.nii.gz","757","7","","","","","","","","","","","","","","","","","",""
"2025-12-16 03:14:42","7.1","/data/T1w_seg.nii.gz","758","7","","","","","","","","","","","","","","","","","",""
"2025-12-16 03:14:42","7.1","/data/T1w_seg.nii.gz","759","7","","","","","","","","","","","","","","","","","",""
"2025-12-16 03:14:42","7.1","/data/T1w_seg.nii.gz","760","7","","","","","","","","","","","","","","","","","",""
"2025-12-16 03:14:42","7.1","/data/T1w_seg.nii.gz","761","7","","","","","","","","","","","","","","","","","",""
"2025-12-16 03:14:42","7.1","/data/T1w_seg.nii.gz","762","7","","","","","","","","","","","","","","","","","",""
"2025-12-16 03:14:42","7.1","/data/T1w_seg.nii.gz","763","7","","","","","","","","","","","","","","","","","",""
"2025-12-16 03:14:42","7.1","/data/T1w_seg.nii.gz","764","7","","","","","","","","","","","","","","","","","",""
"2025-12-16 03:14:42","7.1","/data/T1w_seg.nii.gz","765","7","","","","","","","","","","","","","","","","","",""
"2025-12-16 03:14:42","7.1","/data/T1w_seg.nii.gz","766","7","","","","","","","","","","","","","","","","","",""
"2025-12-16 03:14:42","7.1","/data/T1w_seg.nii.gz","767","7","","","","","","","","","","","","","","","","","",""
"2025-12-16 03:14:42","7.1","/data/T1w_seg.nii.gz","768","7","","","","","","","","","","","","","","","","","",""
"2025-12-16 03:14:42","7.1","/data/T1w_seg.nii.gz","769","7","","","","","","","","","","","","","","","","","",""
"2025-12-16 03:14:42","7.1","/data/T1w_seg.nii.gz","770","6","","","","","","","","","","","","","","","","","",""
"2025-12-16 03:14:42","7.1","/data/T1w_seg.nii.gz","771","6","","","","","","","","","","","","","","","","","",""
"2025-12-16 03:14:42","7.1","/data/T1w_seg.nii.gz","772","6","","","","","","","","","","","","","","","","","",""
"2025-12-16 03:14:42","7.1","/data/T1w_seg.nii.gz","773","6","","","","","","","","","","","","","","","","","",""
"2025-12-16 03:14:42","7.1","/data/T1w_seg.nii.gz","774","6","","","","","","","","","","","","","","","","","",""
"2025-12-16 03:14:42","7.1","/data/T1w_seg.nii.gz","775","6","","","","","","","","","","","","","","","","","",""
"2025-12-16 03:14:42","7.1","/data/T1w_seg.nii.gz","776","6","","","","","","","","","","","","","","","","","",""
"2025-12-16 03:14:42","7.1","/data/T1w_seg.nii.gz","777","6","","","","","","","","","","","","","","","","","",""
"2025-12-16 03:14:42","7.1","/data/T1w_seg.nii.gz","778","6","","","","","","","","","","","","","","","","","",""
"2025-12-16 03:14:42","7.1","/data/T1w_seg.nii.gz","779","6","","","","","","","","","","","","","","","","","",""
"2025-12-16 03:14:42","7.1","/data/T1w_seg.nii.gz","780","6","","","","","","","","","","","","","","","","","",""
"2025-12-16 03:14:42","7.1","/data/T1w_seg.nii.gz","781","6","","","","","","","","","","","","","","","","","",""
"2025-12-16 03:14:42","7.1","/data/T1w_seg.nii.gz","782","6","","","","","","","","","","","","","","","","","",""
"2025-12-16 03:14:42","7.1","/data/T1w_seg.nii.gz","783","6","","","","","","","","","","","","","","","","","",""
"2025-12-16 03:14:42","7.1","/data/T1w_seg.nii.gz","784","6","","","","","","","","","","","","","","","","","",""
"2025-12-16 03:14:42","7.1","/data/T1w_seg.nii.gz","785","6","","","","","","","","","","","","","","","","","",""
"2025-12-16 03:14:42","7.1","/data/T1w_seg.nii.gz","786","6","","","","","","","","","","","","","","","","","",""
"2025-12-16 03:14:42","7.1","/data/T1w_seg.nii.gz","787","6","","","","","","","","","","","","","","","","","",""
"2025-12-16 03:14:42","7.1","/data/T1w_seg.nii.gz","788","6","","","","","","","","","","","","","","","","","",""
"2025-12-16 03:14:42","7.1","/data/T1w_seg.nii.gz","789","6","","","","","","","","","","","","","","","","","",""
"2025-12-16 03:14:42","7.1","/data/T1w_seg.nii.gz","790","6","","","","","","","","","","","","","","","","","",""
"2025-12-16 03:14:42","7.1","/data/T1w_seg.nii.gz","791","6","","","","","","","","","","","","","","","","","",""
"2025-12-16 03:14:42","7.1","/data/T1w_seg.nii.gz","792","6","","","","","","","","","","","","","","","","","",""
"2025-12-16 03:14:42","7.1","/data/T1w_seg.nii.gz","793","6","","","","","","","","","","","","","","","","","",""
"2025-12-16 03:14:42","7.1","/data/T1w_seg.nii.gz","794","6","","","","","","","","","","","","","","","","","",""
"2025-12-16 03:14:42","7.1","/data/T1w_seg.nii.gz","795","6","","","","","","","","","","","","","","","","","",""
"2025-12-16 03:14:42","7.1","/data/T1w_seg.nii.gz","796","6","","","","","","","","","","","","","","","","","",""
"2025-12-16 03:14:42","7.1","/data/T1w_seg.nii.gz","797","6","","","","","","","","","","","","","","","","","",""
"2025-12-16 03:14:42","7.1","/data/T1w_seg.nii.gz","798","6","","","","","","","","","","","","","","","","","",""
"2025-12-16 03:14:42","7.1","/data/T1w_seg.nii.gz","799","6","","","","","","","","","","","","","","","","","",""
"2025-12-16 03:14:42","7.1","/data/T1w_seg.nii.gz","800","6","","","","","","","","","","","","","","","","","",""
"2025-12-16 03:14:42","7.1","/data/T1w_seg.nii.gz","801","5","","","","","","","","","","","","","","","","","",""
"2025-12-16 03:14:42","7.1","/data/T1w_seg.nii.gz","802","5","","","","","","","","","","","","","","","","","",""
"2025-12-16 03:14:42","7.1","/data/T1w_seg.nii.gz","803","5","",44.257550375083284,0.0,9.181540322723919,0.0,38.86517047374447,0.0,4.392927717740572,0.0,12.750091853345438,0.0,0.9387719516279482,0.0,1.6046167439613372,0.0,0.9347442680776014,0.0,""
"2025-12-16 03:14:42","7.1","/data/T1w_seg.nii.gz","804","5","",45.52660378693893,0.0,8.95122989816827,0.0,38.648790865262534,0.0,4.639658912800659,0.0,12.443424798323807,0.0,0.9266318542276497,0.0,1.3506084309633828,0.0,0.9541011982833231,0.0,""
"2025-12-16 03:14:42","7.1","/data/T1w_seg.nii.gz","805","5","",46.79565719879457,0.0,8.720919473612621,0.0,38.4324112567806,0.0,4.886390107860745,0.0,12.136757743302178,0.0,0.9144917568273512,0.0,1.0966001179654286,0.0,0.9734581284890447,0.0,""
"2025-12-16 03:14:42","7.1","/data/T1w_seg.nii.gz","806","5","",47.46145623828656,0.0,8.492653140446889,0.0,38.214762361120435,0.0,4.942059622480749,0.0,12.14472546479544,0.0,0.912920917618825,0.0,1.120275305088717,0.0,0.9767410629529946,0.0,""
"2025-12-16 03:14:42","7.1","/data/T1w_seg.nii.gz","807","5","",47.524000905414894,0.0,8.266430898671073,0.0,37.99584417828205,0.0,4.806667456660669,0.0,12.467327962803594,0.0,0.9219193366020711,0.0,1.421633992333249,0.0,0.9639500016751728,0.0,""
"2025-12-16 03:14:42","7.1","/data/T1w_seg.nii.gz","808","5","",47.58654557254323,0.0,8.040208656895258,0.0,37.77692599544367,0.0,4.6712752908405895,0.0,12.789930460811748,0.0,0.9309177555853173,0.0,1.7229926795777812,0.0,0.9511589403973509,0.0,""
"2025-12-16 03:14:42","7.1","/data/T1w_seg.nii.gz","809","5","",48.8338239071133,0.0,7.818157306109936,0.0,37.5554687145647,0.0,4.8410939580591315,0.0,12.859556687713404,0.0,0.9263535650815017,0.0,1.9830937021785062,0.0,0.9445048880479344,0.0,""
"2025-12-16 03:14:42","7.1","/data/T1w_seg.nii.gz","810","5","",50.08110224168337,0.0,7.596105955324615,0.0,37.334011433685724,0.0,5.010912625277673,0.0,12.92918291461506,0.0,0.9217893745776861,0.0,2.243194724779231,0.0,0.9378508356985178,0.0,""
"2025-12-16 03:14:42","7.1","/data/T1w_seg.nii.gz","811","5","",50.565556898910565,0.0,7.376178744784256,0.0,37.11128534022254,0.0,5.07536032381737,0.0,12.965690186897204,0.0,0.9201949957877285,0.0,1.9690163731700654,0.0,0.9420678977380008,0.0,""
"2025-12-16 03:14:42","7.1","/data/T1w_seg.nii.gz","812","5","",50.28718787879488,0.0,7.158375674488861,0.0,36.88729043417515,0.0,5.034437053678222,0.0,12.969078504559839,0.0,0.9215704287116289,0.0,1.1605586473510072,0.0,0.9571560741663835,0.0,""
"2025-12-16 03:14:42","7.1","/data/T1w_seg.nii.gz","813","5","",50.0088188586792,0.0,6.940572604193466,0.0,36.663295528127755,0.0,4.993513783539075,0.0,12.972466822222472,0.0,0.9229458616355293,0.0,0.35210092153194905,0.0,0.972244250594766,0.0,""
"2025-12-16 03:14:42","7.1","/data/T1w_seg.nii.gz","814","5","",48.96239486866359,0.0,6.727089982026954,0.0,36.43676655613484,0.0,4.823827448748095,0.0,12.9993872631863,0.0,0.9284059652557213,0.0,1.0923912155273894,0.0,0.9620309799988247,0.0,""
"2025-12-16 03:14:42","7.1","/data/T1w_seg.nii.gz","815","5","",47.915970878647975,0.0,6.513607359860441,0.0,36.21023758414193,0.0,4.654141113957115,0.0,13.026307704150126,0.0,0.9338660688759133,0.0,1.832681509522831,0.0,0.9518177094028833,0.0,""
"2025-12-16 03:14:42","7.1","/data/T1w_seg.nii.gz","816","5","",47.76410532757794,0.0,6.3023184918134225,0.0,35.982444446643164,0.0,4.618923899767575,0.0,13.04797807648022,0.0,0.9352198832224928,0.0,1.9494489126380812,0.0,0.950116643329055,0.0,""
"2025-12-16 03:14:42","7.1","/data/T1w_seg.nii.gz","817","5","",48.50679821545348,0.0,6.093223377885897,0.0,35.75338714363855,0.0,4.718175806179475,0.0,13.064398380176579,0.0,0.9324674082954598,0.0,1.4426934248731365,0.0,0.9569277817773397,0.0,""
"2025-12-16 03:14:42","7.1","/data/T1w_seg.nii.gz","818","5","",49.24949110332902,0.0,5.884128263958371,0.0,35.52432984063393,0.0,4.817427712591375,0.0,13.080818683872938,0.0,0.9297149333684268,0.0,0.9359379371081911,0.0,0.9637389202256245,0.0,""
"2025-12-16 03:14:42","7.1","/data/T1w_seg.nii.gz","819","5","",49.798613925239806,0.0,5.679482740954903,0.0,35.29275220579434,0.0,4.9571301972469,0.0,12.76534661868033,0.0,0.9207789378939528,0.0,1.3421697813405902,0.0,0.966303053627912,0.0,""
"2025-12-16 03:14:42","7.1","/data/T1w_seg.nii.gz","820","5","",50.34773674715059,0.0,5.474837217951435,0.0,35.061174570954755,0.0,5.096832681902426,0.0,12.449874553487719,0.0,0.9118429424194788,0.0,1.7484016255729906,0.0,0.9688671870301996,0.0,""
"2025-12-16 03:14:42","7.1","/data/T1w_seg.nii.gz","821","5","",51.58714901709007,0.0,5.27244511512127,0.0,34.828341945549035,0.0,5.223556557489038,0.0,12.401053103482234,0.0,0.9069721303622421,0.0,1.8538260622769267,0.0,0.9688440820150318,0.0,""
"2025-12-16 03:14:42","7.1","/data/T1w_seg.nii.gz","822","5","",53.51685073505824,0.0,5.072306432464409,0.0,34.59425432957718,0.0,5.337301824006737,0.0,12.618882268663873,0.0,0.9061665017222427,0.0,1.6584430914523987,0.0,0.9662337385824089,0.0,""
"2025-12-16 03:14:42","7.1","/data/T1w_seg.nii.gz","823","5","",55.44655245302641,0.0,4.8721677498075495,0.0,34.36016671360534,0.0,5.451047090524435,0.0,12.836711433845512,0.0,0.9053608730822431,0.0,1.4630601206278706,0.0,0.963623395149786,0.0,""
"2025-12-16 03:14:42","7.1","/data/T1w_seg.nii.gz","824","5","",55.81845484624124,0.0,4.6765884801785695,0.0,34.12358190431712,0.0,5.510308023877309,0.0,12.954952798864433,0.0,0.9050368343933005,0.0,3.0511972360870105,0.0,0.9532079583924497,0.0,""
"2025-12-16 03:14:42","7.1","/data/T1w_seg.nii.gz","825","5","",56.19035723945606,0.0,4.48100921054959,0.0,33.8869970950289,0.0,5.569568957230184,0.0,13.073194163883354,0.0,0.9047127957043579,0.0,4.6393343515461565,0.0,0.9427925216351133,0.0,""
"2025-12-16 03:14:42","7.1","/data/T1w_seg.nii.gz","826","5","",56.54451328364343,0.0,4.287733679009507,0.0,33.64917134325681,0.0,5.562421809192849,0.0,13.167051126528614,0.0,0.9063279685086368,0.0,4.784908861590814,0.0,0.9410019085392219,0.0,""
"2025-12-16 03:14:42","7.1","/data/T1w_seg.nii.gz","827","5","",56.88092297880335,0.0,4.096761885558323,0.0,33.41010464900084,0.0,5.488866579765305,0.0,13.236523686800217,0.0,0.9098823528061373,0.0,3.4879207662209657,0.0,0.9478361191047758,0.0,""
"2025-12-16 03:14:42","7.1","/data/T1w_seg.nii.gz","828","5","",57.21733267396326,0.0,3.9057900921071393,0.0,33.17103795474487,0.0,5.41531135033776,0.0,13.305996247071818,0.0,0.9134367371036378,0.0,2.190932670851116,0.0,0.9546703296703297,0.0,""
"2025-12-16 03:14:42","7.1","/data/T1w_seg.nii.gz","829","5","",57.50833140263621,0.0,3.71946950472531,0.0,32.92950728515908,0.0,5.580438592117018,0.0,13.058338195552778,0.0,0.9033577399218438,0.0,2.208326488138511,0.0,0.9578056061184895,0.0,""
"2025-12-16 03:14:42","7.1","/data/T1w_seg.nii.gz","830","5","",57.79933013130916,0.0,3.5331489173434805,0.0,32.68797661557329,0.0,5.7455658338962765,0.0,12.810680144033737,0.0,0.8932787427400496,0.0,2.2257203054259094,0.0,0.9609408825666494,0.0,""
"2025-12-16 03:14:42","7.1","/data/T1w_seg.nii.gz","831","5","",58.05506436436289,0.0,3.349173723196521,0.0,32.44522425257463,0.0,5.839688419847171,0.0,12.702755142909448,0.0,0.8880665576064134,0.0,2.533716561865157,0.0,0.9614046660949491,0.0,""
"2025-12-16 03:14:42","7.1","/data/T1w_seg.nii.gz","832","5","",58.275534101797405,0.0,3.1675439222844295,0.0,32.2012501961631,0.0,5.862806349969702,0.0,12.734563192179905,0.0,0.8877211845209352,0.0,3.1323152574562583,0.0,0.9591969567033886,0.0,""
"2025-12-16 03:14:42","7.1","/data/T1w_seg.nii.gz","833","5","",58.49600383923192,0.0,2.9859141213723377,0.0,31.957276139751574,0.0,5.885924280092233,0.0,12.766371241450365,0.0,0.8873758114354569,0.0,3.7309139530473616,0.0,0.956989247311828,0.0,""
"2025-12-16 03:14:42","7.1","/data/T1w_seg.nii.gz","834","4","",56.60496449040566,0.0,2.5436556369386234,0.0,31.341290884736704,0.0,5.659344922218685,0.0,12.965887725446747,0.0,0.8997152338431186,0.0,3.7052134554002487,0.0,0.9503063308373043,0.0,""
"2025-12-16 03:14:42","7.1","/data/T1w_seg.nii.gz","835","4","",56.74586825903665,0.0,2.388246837783762,0.0,31.116690621359187,0.0,5.731961429654809,0.0,12.80354821311143,0.0,0.8938999898991091,0.0,3.18439326069781,0.0,0.9586620130997786,0.0,""
"2025-12-16 03:14:42","7.1","/data/T1w_seg.nii.gz","836","4","",56.88677202766764,0.0,2.232838038628901,0.0,30.89209035798167,0.0,5.804577937090931,0.0,12.641208700776113,0.0,0.8880847459550996,0.0,2.6635730659953714,0.0,0.967017695362253,0.0,""
"2025-12-16 03:14:42","7.1","/data/T1w_seg.nii.gz","837","4","",57.0142368534198,0.0,2.078426437350713,0.0,30.66699742139321,0.0,5.863190842951392,0.0,12.546931429767316,0.0,0.8840805087759324,0.0,2.3874203963850418,0.0,0.9696978555091516,0.0,""
"2025-12-16 03:14:42","7.1","/data/T1w_seg.nii.gz","838","4","",57.09690520290923,0.0,1.9273388289947695,0.0,30.44026224076827,0.0,5.875125076892974,0.0,12.679528296513586,0.0,0.886112960812906,0.0,2.926826143748407,0.0,0.9534596086041307,0.0,""
"2025-12-16 03:14:42","7.1","/data/T1w_seg.nii.gz","839","4","",57.17957355239865,0.0,1.7762512206388261,0.0,30.21352706014333,0.0,5.887059310834558,0.0,12.812125163259857,0.0,0.8881454128498798,0.0,3.4662318911117724,0.0,0.9372213616991099,0.0,""
"2025-12-16 03:14:42","7.1","/data/T1w_seg.nii.gz","840","4","",57.685103093583976,0.0,1.6271683909788341,0.0,29.985819865204437,0.0,5.887335419084307,0.0,12.950011125790597,0.0,0.8906238825806941,0.0,3.6444302916618203,0.0,0.9294219456583273,0.0,""
"2025-12-16 03:14:42","7.1","/data/T1w_seg.nii.gz","841","4","",58.683970691747845,0.0,1.4804244697974525,0.0,29.75697865356592,0.0,5.874010380693582,0.0,13.094067700069887,0.0,0.8936227062876559,0.0,3.4012201209296653,0.0,0.9314678322924894,0.0,""
"2025-12-16 03:14:42","7.1","/data/T1w_seg.nii.gz","842","4","",59.68283828991172,0.0,1.333680548616071,0.0,29.528137441927406,0.0,5.860685342302857,0.0,13.238124274349175,0.0,0.8966215299946177,0.0,3.15800995019751,0.0,0.9335137189266516,0.0,""
"2025-12-16 03:14:42","7.1","/data/T1w_seg.nii.gz","843","4","",59.64005125632131,0.0,1.1899573898723208,0.0,29.29786008184719,0.0,5.875503097848749,0.0,13.247254573755267,0.0,0.8962378727524595,0.0,2.843511514210668,0.0,0.9306074168797953,0.0,""
"2025-12-16 03:14:42","7.1","/data/T1w_seg.nii.gz","844","4","",59.13430660861788,0.0,1.0475767922119625,0.0,29.06694443357066,0.0,5.902828761810913,0.0,13.19641763988438,0.0,0.8943508906440257,0.0,2.4973294047772985,0.0,0.9255001420858199,0.0,""
"2025-12-16 03:14:42","7.1","/data/T1w_seg.nii.gz","845","4","",58.628561960914446,0.0,0.9051961945516042,0.0,28.836028785294136,0.0,5.930154425773078,0.0,13.145580706013495,0.0,0.892463908535592,0.0,2.1511472953439292,0.0,0.9203928672918443,0.0,""
"2025-12-16 03:14:42","7.1","/data/T1w_seg.nii.gz","846","4","",58.73861356413028,0.0,0.7668589326679967,0.0,28.60322997527963,0.0,5.856512099254299,0.0,13.30481410160592,0.0,0.8976138343889087,0.0,2.7447535074686975,0.0,0.9179746835443038,0.0,""
"2025-12-16 03:14:42","7.1","/data/T1w_seg.nii.gz","847","4","",58.89998152158938,0.0,0.6288586154324518,0.0,28.37027423512029,0.0,5.774455773528776,0.0,13.481553357986957,0.0,0.903350169239038,0.0,3.4166754130566437,0.0,0.9157805907172996,0.0,""
"2025-12-16 03:14:42","7.1","/data/T1w_seg.nii.gz","848","4","",58.83431225048693,0.0,0.4915344116329915,0.0,28.13701034712007,0.0,5.692504111310299,0.0,13.633247070967327,0.0,0.9086448328895227,0.0,4.0836976496510795,0.0,0.9123042818155569,0.0,""
"2025-12-16 03:14:42","7.1","/data/T1w_seg.nii.gz","849","4","",57.51993822229594,0.0,0.35792883173199586,0.0,27.90205164599501,0.0,5.61112809838058,0.0,13.647190295244044,0.0,0.9115103049419624,0.0,4.723771706781211,0.0,0.9017757845027524,0.0,""
"2025-12-16 03:14:42","7.1","/data/T1w_seg.nii.gz","850","4","",56.205564194104944,0.0,0.22432325183100033,0.0,27.667092944869943,0.0,5.529752085450861,0.0,13.66113351952076,0.0,0.914375776994402,0.0,5.363845763911342,0.0,0.891247287189948,0.0,""
"2025-12-16 03:14:42","7.1","/data/T1w_seg.nii.gz","851","4","",55.811545071716836,0.0,0.09241262260529542,0.0,27.43137923794707,0.0,5.522224155945775,0.0,13.640225373887692,0.0,0.9142938275151145,0.0,5.538244111588859,0.0,0.8874628018606968,0.0,""
"2025-12-16 03:14:42","7.1","/data/T1w_seg.nii.gz","852","4","",56.89009379861333,0.0,-0.03678608553994431,0.0,27.1944575217477,0.0,5.632853159920102,0.0,13.56355503639897,0.0,0.9094960035850633,0.0,4.967561324142198,0.0,0.8944687357051311,0.0,""
"2025-12-16 03:14:42","7.1","/data/T1w_seg.nii.gz","853","4","",57.96864252550982,0.0,-0.16598479368518404,0.0,26.957535805548332,0.0,5.743482163894429,0.0,13.486884698910249,0.0,0.9046981796550123,0.0,4.396878536695539,0.0,0.9014746695495653,0.0,""
"2025-12-16 03:14:42","7.1","/data/T1w_seg.nii.gz","854","4","",57.67394111049376,0.0,-0.29246543504494565,0.0,26.719432407584833,0.0,5.698672144463218,0.0,13.469427038172336,0.0,0.905972996577477,0.0,4.157705628459738,0.0,0.910494219369207,0.0,""
"2025-12-16 03:14:42","7.1","/data/T1w_seg.nii.gz","855","4","",56.520958356782344,0.0,-0.41724728466378347,0.0,26.480590458518748,0.0,5.556712735403544,0.0,13.488977300403683,0.0,0.9110432140327641,0.0,4.125726394730721,0.0,0.9207722791733534,0.0,""
"2025-12-16 03:14:42","7.1","/data/T1w_seg.nii.gz","856","4","",55.36797560307094,0.0,-0.5420291342826212,0.0,26.241748509452663,0.0,5.414753326343872,0.0,13.508527562635027,0.0,0.9161134314880512,0.0,4.093747161001705,0.0,0.9310503389774997,0.0,""
"2025-12-16 03:14:42","7.1","/data/T1w_seg.nii.gz","857","4","",57.3127157864109,0.0,-0.6630668638339063,0.0,26.00132035957921,0.0,5.590828202624877,0.0,13.521366742937383,0.0,0.9102126380844758,0.0,4.383626233454267,0.0,0.9329204842290573,0.0,""
"2025-12-16 03:14:42","7.1","/data/T1w_seg.nii.gz","858","4","",59.82067832194201,0.0,-0.7834238442820002,0.0,25.760603809558962,0.0,5.824727494422367,0.0,13.532985726525377,0.0,0.9023171154338345,0.0,4.732024997939843,0.0,0.9332619177437805,0.0,""
"2025-12-16 03:14:42","7.1","/data/T1w_seg.nii.gz","859","4","",62.05012444246217,0.0,-0.9034399730894497,0.0,25.51974678920338,0.0,6.0338134522843285,0.0,13.524703256498846,0.0,0.8949643305026158,0.0,4.977787387547787,0.0,0.9348912617217551,0.0,""
"2025-12-16 03:14:42","7.1","/data/T1w_seg.nii.gz","860","4","",60.93737358285076,0.0,-1.0193658822091674,0.0,25.277204124823836,0.0,5.945139402919926,0.0,13.277603343098026,0.0,0.8941243982044697,0.0,3.9919132786241507,0.0,0.9519755312587453,0.0,""
"2025-12-16 03:14:42","7.1","/data/T1w_seg.nii.gz","861","4","",59.824622723239344,0.0,-1.135291791328885,0.0,25.034661460444287,0.0,5.856465353555524,0.0,13.030503429697204,0.0,0.8932844659063234,0.0,3.006039169700514,0.0,0.9690598007957355,0.0,""
"2025-12-16 03:14:42","7.1","/data/T1w_seg.nii.gz","862","4","",59.10659834946064,0.0,-1.2498528917547949,0.0,24.791572710850897,0.0,5.8020219918739855,0.0,12.870981335859856,0.0,0.892634997235248,0.0,2.676557513713437,0.0,0.9766846448149273,0.0,""
"2025-12-16 03:14:42","7.1","/data/T1w_seg.nii.gz","863","4","",59.276708568805525,0.0,-1.3613431726196377,0.0,24.547255269526357,0.0,5.824597677478893,0.0,12.908509336040323,0.0,0.8924140717250817,0.0,3.823958876833627,0.0,0.9630257814190725,0.0,""
"2025-12-16 03:14:42","7.1","/data/T1w_seg.nii.gz","864","4","",59.44681878815041,0.0,-1.4728334534844805,0.0,24.30293782820182,0.0,5.847173363083801,0.0,12.946037336220789,0.0,0.8921931462149153,0.0,4.971360239953816,0.0,0.9493669180232177,0.0,""
"2025-12-16 03:14:42","7.1","/data/T1w_seg.nii.gz","865","4","",58.94417164564477,0.0,-1.5819336659854772,0.0,24.05769390898086,0.0,5.8939580244720675,0.0,12.885058849939178,0.0,0.8890778372329886,0.0,5.13011808221868,0.0,0.9394612990675467,0.0,""
"2025-12-16 03:14:42","7.1","/data/T1w_seg.nii.gz","866","4","",57.8648753358387,0.0,-1.68898524846032,0.0,23.811655865848678,0.0,5.961493236531783,0.0,12.739646232404356,0.0,0.88348162813241,0.0,4.441467192321842,0.0,0.9327727467748904,0.0,""
"2025-12-16 03:14:42","7.1","/data/T1w_seg.nii.gz","867","4","",56.78557902603263,0.0,-1.796036830935163,0.0,23.565617822716497,0.0,6.0290284485915,0.0,12.594233614869536,0.0,0.8778854190318316,0.0,3.7528163024250034,0.0,0.9260841944822341,0.0,""
"2025-12-16 03:14:42","7.1","/data/T1w_seg.nii.gz","868","4","",56.623029279134876,0.0,-1.8996726941876292,0.0,23.31830007833095,0.0,5.9478639463882965,0.0,12.539596125185316,0.0,0.8802754931245429,0.0,2.6847290598276037,0.0,0.9417019079418528,0.0,""
"2025-12-16 03:14:42","7.1","/data/T1w_seg.nii.gz","869","4","",56.735503501109605,0.0,-2.0022838416733824,0.0,23.070598423569393,0.0,5.8220895299062185,0.0,12.512191173856278,0.0,0.8850614521752411,0.0,1.5028109114200383,0.0,0.964011501127154,0.0,""
"2025-12-16 03:14:42","7.1","/data/T1w_seg.nii.gz","870","4","",56.84797772308434,0.0,-2.1048949891591353,0.0,22.822896768807837,0.0,5.6963151134241405,0.0,12.484786222527239,0.0,0.8898474112259394,0.0,0.3208927630124731,0.0,0.986321094312455,0.0,""
"2025-12-16 03:14:42","7.1","/data/T1w_seg.nii.gz","871","3","",52.409410779248404,0.0,-2.376750821483151,0.0,22.132512324590778,0.0,5.520242566110823,0.0,12.793157330226913,0.0,0.9021141486416,0.0,3.9384991155733293,0.0,0.9271054493984431,0.0,""
"2025-12-16 03:14:42","7.1","/data/T1w_seg.nii.gz","872","3","",52.14839566104978,0.0,-2.4849004393286576,0.0,21.843073685745665,0.0,5.485331726244541,0.0,12.627246242048702,0.0,0.900684328216024,0.0,4.163412582814937,0.0,0.9352517826224201,0.0,""
"2025-12-16 03:14:42","7.1","/data/T1w_seg.nii.gz","873","3","",51.887380542851155,0.0,-2.5930500571741644,0.0,21.553635046900556,0.0,5.45042088637826,0.0,12.461335153870493,0.0,0.8992545077904479,0.0,4.388326050056544,0.0,0.9433981158463972,0.0,""
"2025-12-16 03:14:42","7.1","/data/T1w_seg.nii.gz","874","3","",53.01326834891929,0.0,-2.698126457326911,0.0,21.263174473633637,0.0,5.530934669888715,0.0,12.405668227352594,0.0,0.8950135316605452,0.0,3.7765347889150274,0.0,0.9526498295093336,0.0,""
"2025-12-16 03:14:42","7.1","/data/T1w_seg.nii.gz","875","3","",55.063758104498596,0.0,-2.8011540456844837,0.0,20.97203261075218,0.0,5.688398202316996,0.0,12.423497408608233,0.0,0.8888984517277583,0.0,2.6069403755180947,0.0,0.9626384634649098,0.0,""
"2025-12-16 03:14:42","7.1","/data/T1w_seg.nii.gz","876","3","",56.58510061002868,0.0,-2.903157730857998,0.0,20.6805657543525,0.0,5.819346389494887,0.0,12.442320814092781,0.0,0.8838854795528841,0.0,1.9899147245727407,0.0,0.9670276241171764,0.0,""
"2025-12-16 03:14:42","7.1","/data/T1w_seg.nii.gz","877","3","",55.98985411536186,0.0,-3.001065803295279,0.0,20.38779892387992,0.0,5.84423319567122,0.0,12.465121116492965,0.0,0.8832809384096614,0.0,3.5831641234336966,0.0,0.949018891556205,0.0,""
"2025-12-16 03:14:42","7.1","/data/T1w_seg.nii.gz","878","3","",55.394607620695034,0.0,-3.0989738757325593,0.0,20.095032093407344,0.0,5.869120001847552,0.0,12.487921418893148,0.0,0.8826763972664388,0.0,5.176413522294652,0.0,0.9310101589952336,0.0,""
"2025-12-16 03:14:42","7.1","/data/T1w_seg.nii.gz","879","3","",55.1071910221901,0.0,-3.192788950054652,0.0,19.801030247028415,0.0,5.827318137290164,0.0,12.209327760290089,0.0,0.8784818692615248,0.0,4.459935982877729,0.0,0.9465281775020212,0.0,""
"2025-12-16 03:14:42","7.1","/data/T1w_seg.nii.gz","880","3","",54.89673189772563,0.0,-3.285580774847948,0.0,19.50671964667289,0.0,5.768844105049346,0.0,11.855385611436219,0.0,0.8733898445411881,0.0,3.1660267088913376,0.0,0.9704278837757484,0.0,""
"2025-12-16 03:14:42","7.1","/data/T1w_seg.nii.gz","881","3","",54.89697847246083,0.0,-3.376327655608429,0.0,19.211825154905075,0.0,5.776934640564303,0.0,11.703508168745044,0.0,0.8696980376257046,0.0,2.048206823782696,0.0,0.9842089723900636,0.0,""
"2025-12-16 03:14:42","7.1","/data/T1w_seg.nii.gz","882","3","",55.213283595995534,0.0,-3.4640071203196894,0.0,18.916054826018804,0.0,5.884872027712923,0.0,11.85472778529791,0.0,0.8681065574175011,0.0,1.1945210219906777,0.0,0.9828121345152605,0.0,""
"2025-12-16 03:14:42","7.1","/data/T1w_seg.nii.gz","883","3","",55.52958871953024,0.0,-3.551686585030949,0.0,18.620284497132538,0.0,5.992809414861544,0.0,12.005947401850777,0.0,0.8665150772092975,0.0,0.3408352201986596,0.0,0.9814152966404575,0.0,""
"2025-12-16 03:14:42","7.1","/data/T1w_seg.nii.gz","884","3","",55.41103718639179,0.0,-3.6342580684498995,0.0,18.3231412150283,0.0,6.01325613897088,0.0,11.88552195277726,0.0,0.8624664543851025,0.0,1.730151444634572,0.0,0.9621177506746004,0.0,""
"2025-12-16 03:14:42","7.1","/data/T1w_seg.nii.gz","885","3","",55.29248565325334,0.0,-3.71682955186885,0.0,18.025997932924067,0.0,6.033702863080217,0.0,11.765096503703745,0.0,0.8584178315609075,0.0,3.1194676690704846,0.0,0.9428202047087434,0.0,""
"2025-12-16 03:14:42","7.1","/data/T1w_seg.nii.gz","886","3","",55.0261204268465,0.0,-3.7963390961271504,0.0,17.72808451151166,0.0,6.015282669164029,0.0,11.630494847359751,0.0,0.8558393326314321,0.0,3.524453482223668,0.0,0.9482840646467434,0.0,""
"2025-12-16 03:14:42","7.1","/data/T1w_seg.nii.gz","887","3","",54.66121273826074,0.0,-3.873807347611685,0.0,17.42965766389381,0.0,5.970951196564159,0.0,11.486442386168772,0.0,0.8542409162984366,0.0,3.273219021188369,0.0,0.9702555285206481,0.0,""
"2025-12-16 03:14:42","7.1","/data/T1w_seg.nii.gz","888","3","",54.42069633129458,0.0,-3.9502559540436026,0.0,17.130992476555303,0.0,5.955229776709457,0.0,11.394693095434024,0.0,0.8525653115690658,0.0,3.0376801633055286,0.0,0.9866087143452149,0.0,""
"2025-12-16 03:14:42","7.1","/data/T1w_seg.nii.gz","889","3","",54.67774505080685,0.0,-4.022625980265053,0.0,16.83137393033417,0.0,6.053948567835429,0.0,11.512156486524194,0.0,0.8505809532541944,0.0,2.8649237180325233,0.0,0.9804887879724301,0.0,""
"2025-12-16 03:14:42","7.1","/data/T1w_seg.nii.gz","890","3","",54.934793770319125,0.0,-4.094996006486503,0.0,16.531755384113037,0.0,6.152667358961401,0.0,11.629619877614367,0.0,0.8485965949393228,0.0,2.6921672727595176,0.0,0.9743688615996453,0.0,""
"2025-12-16 03:14:42","7.1","/data/T1w_seg.nii.gz","891","3","",55.29322954115603,0.0,-4.163291578993016,0.0,16.231258840348772,0.0,6.1581634696816545,0.0,11.654711001939598,0.0,0.8490041572141218,0.0,3.0340019538643506,0.0,0.9625023011369653,0.0,""
"2025-12-16 03:14:42","7.1","/data/T1w_seg.nii.gz","892","3","",55.6770120748241,0.0,-4.230568538070795,0.0,15.930542797198726,0.0,6.140353910300479,0.0,11.656709059573595,0.0,0.8500096996363383,0.0,3.504484416563643,0.0,0.9491990821518115,0.0,""
"2025-12-16 03:14:42","7.1","/data/T1w_seg.nii.gz","893","3","",56.181855769024374,0.0,-4.295810354714292,0.0,15.629426307753652,0.0,6.115673084544424,0.0,11.68461569992584,0.0,0.8520523475952364,0.0,4.145397307697018,0.0,0.9467680077995378,0.0,""
"2025-12-16 03:14:42","7.1","/data/T1w_seg.nii.gz","894","3","",56.86829120402296,0.0,-4.357999457706368,0.0,15.327709148866038,0.0,6.080685359226053,0.0,11.751385214355457,0.0,0.8556506538591565,0.0,5.041955841481517,0.0,0.9606451503965842,0.0,""
"2025-12-16 03:14:42","7.1","/data/T1w_seg.nii.gz","895","3","",57.55472663902155,0.0,-4.420188560698445,0.0,15.025991989978422,0.0,6.0456976339076824,0.0,11.818154728785075,0.0,0.8592489601230766,0.0,5.938514375266016,0.0,0.9745222929936306,0.0,""
"2025-12-16 03:14:42","7.1","/data/T1w_seg.nii.gz","896","3","",57.16555338582177,0.0,-4.477294980399791,0.0,14.723372110550422,0.0,6.056291435295756,0.0,11.827201505942792,0.0,0.8589484959059595,0.0,4.8813358829387345,0.0,0.9783171264289654,0.0,""
"2025-12-16 03:14:42","7.1","/data/T1w_seg.nii.gz","897","3","",56.77638013262197,0.0,-4.534401400101137,0.0,14.420752231122423,0.0,6.06688523668383,0.0,11.836248283100508,0.0,0.8586480316888423,0.0,3.824157390611453,0.0,0.9821119598643002,0.0,""
"2025-12-16 03:14:42","7.1","/data/T1w_seg.nii.gz","898","3","",56.06152020746953,0.0,-4.5884612401758655,0.0,14.117650859803987,0.0,5.989732825264613,0.0,11.84668300944933,0.0,0.8626414063443216,0.0,3.2619858878060204,0.0,0.9817567226879607,0.0,""
"2025-12-16 03:14:42","7.1","/data/T1w_seg.nii.gz","899","3","",55.12953583434865,0.0,-4.640490027166182,0.0,13.814228493891926,0.0,5.854082938640537,0.0,11.858043035258891,0.0,0.8694973402481986,0.0,3.0298190446818185,0.0,0.9786347717705047,0.0,""
"2025-12-16 03:14:42","7.1","/data/T1w_seg.nii.gz","900","3","",54.68077154600013,0.0,-4.691504257933334,0.0,13.510666008452162,0.0,5.782009921159783,0.0,11.851364786809404,0.0,0.8727619567245652,0.0,3.1148615080818396,0.0,0.9743663782872544,0.0,""
"2025-12-16 03:14:42","7.1","/data/T1w_seg.nii.gz","901","3","",56.16488759674102,0.0,-4.738460263807826,0.0,13.206543044901581,0.0,5.964244380252317,0.0,11.772533441323727,0.0,0.8616613034908913,0.0,4.468741197578731,0.0,0.9655122145408264,0.0,""
"2025-12-16 03:14:42","7.1","/data/T1w_seg.nii.gz","902","3","",57.649003647481905,0.0,-4.785416269682318,0.0,12.902420081351,0.0,6.14647883934485,0.0,11.693702095838052,0.0,0.8505606502572173,0.0,5.8226208870756215,0.0,0.9566580507943984,0.0,""
"2025-12-16 03:14:42","7.1","/data/T1w_seg.nii.gz","903","3","",58.48967915302281,0.0,-4.828317717027019,0.0,12.597819320836166,0.0,6.275504631483958,0.0,11.654938243812063,0.0,0.8425046777493649,0.0,6.262529085526896,0.0,0.9586441219172683,0.0,""
"2025-12-16 03:14:42","7.1","/data/T1w_seg.nii.gz","904","3","",59.169494522263726,0.0,-4.870205524739274,0.0,12.293099111080268,0.0,6.391228256884711,0.0,11.626191265150998,0.0,0.8352098754229679,0.0,6.473944411216767,0.0,0.9633402517574626,0.0,""
"2025-12-16 03:14:42","7.1","/data/T1w_seg.nii.gz","905","3","",59.616610180852774,0.0,-4.9100677538642294,0.0,11.988181848663332,0.0,6.428589427782027,0.0,11.682799772734109,0.0,0.8347125276497955,0.0,5.795549987101038,0.0,0.9685803430712895,0.0,""
"2025-12-16 03:14:42","7.1","/data/T1w_seg.nii.gz","906","3","",59.71467627346403,0.0,-4.94689161510824,0.0,11.68296900725484,0.0,6.34840691692419,0.0,11.867441509683488,0.0,0.8444113617064601,0.0,3.782440938276901,0.0,0.9746363765955648,0.0,""
"2025-12-16 03:14:42","7.1","/data/T1w_seg.nii.gz","907","3","",59.812742366075284,0.0,-4.983715476352249,0.0,11.377756165846346,0.0,6.268224406066351,0.0,12.052083246632867,0.0,0.8541101957631249,0.0,1.7693318894527634,0.0,0.9806924101198402,0.0,""
"2025-12-16 03:14:42","7.1","/data/T1w_seg.nii.gz","908","2","",56.121711856144344,0.0,-5.059948547293241,0.0,10.660455359885804,0.0,6.01787644881204,0.0,11.7097566154903,0.0,0.8578397410895073,0.0,2.6031163732741023,0.0,0.9715707178393745,0.0,""
"2025-12-16 03:14:42","7.1","/data/T1w_seg.nii.gz","909","2","",57.229814480992566,0.0,-5.087723959363324,0.0,10.363446440372554,0.0,6.109564787074464,0.0,11.777974087386925,0.0,0.8549389922010511,0.0,3.6899326468947464,0.0,0.963101785154024,0.0,""
"2025-12-16 03:14:42","7.1","/data/T1w_seg.nii.gz","910","2","",58.337917105840795,0.0,-5.115499371433407,0.0,10.066437520859306,0.0,6.201253125336888,0.0,11.846191559283549,0.0,0.8520382433125948,0.0,4.7767489205153915,0.0,0.9546328524686734,0.0,""
"2025-12-16 03:14:42","7.1","/data/T1w_seg.nii.gz","911","2","",58.761679062782875,0.0,-5.139636118753512,0.0,9.779188441029008,0.0,6.299138215806959,0.0,11.739371830676182,0.0,0.8433754391524461,0.0,5.286434299045314,0.0,0.9570566394073857,0.0,""
"2025-12-16 03:14:42","7.1","/data/T1w_seg.nii.gz","912","2","",58.881289611766675,0.0,-5.162155681740293,0.0,9.496277067724467,0.0,6.399777418369318,0.0,11.554757790733706,0.0,0.8321517215382118,0.0,5.539617057534916,0.0,0.9643216350679038,0.0,""
"2025-12-16 03:14:42","7.1","/data/T1w_seg.nii.gz","913","2","",59.16295042814124,0.0,-5.1826547398235325,0.0,9.218882204527231,0.0,6.471084790972295,0.0,11.465918595011011,0.0,0.8255164095756532,0.0,5.587302376741347,0.0,0.9691307148847036,0.0,""
"2025-12-16 03:14:42","7.1","/data/T1w_seg.nii.gz","914","2","",59.703891672341015,0.0,-5.199920990061106,0.0,8.950313757501688,0.0,6.495461235640261,0.0,11.530319150039961,0.0,0.8262225466557755,0.0,5.306191793094703,0.0,0.9700103293515543,0.0,""
"2025-12-16 03:14:42","7.1","/data/T1w_seg.nii.gz","915","2","",60.17090201048292,0.0,-5.216783291126267,0.0,8.682865274553029,0.0,6.513607232458765,0.0,11.59482370563084,0.0,0.8272815904748462,0.0,4.955974451578029,0.0,0.97064468378337,0.0,""
"2025-12-16 03:14:42","7.1","/data/T1w_seg.nii.gz","916","2","",59.75074147593031,0.0,-5.228798202122491,0.0,8.428856360527003,0.0,6.456987855083725,0.0,11.660576267964869,0.0,0.8325755151612952,0.0,3.7764760156209958,0.0,0.968335917794765,0.0,""
"2025-12-16 03:14:42","7.1","/data/T1w_seg.nii.gz","917","2","",59.330580941377704,0.0,-5.240813113118715,0.0,8.174847446500976,0.0,6.400368477708686,0.0,11.726328830298897,0.0,0.8378694398477443,0.0,2.5969775796639625,0.0,0.9660271518061601,0.0,""
"2025-12-16 03:14:42","7.1","/data/T1w_seg.nii.gz","918","2","",58.407276683501266,0.0,-5.248789600121778,0.0,7.9321842456843346,0.0,6.319564899448366,0.0,11.652683539116959,0.0,0.8401810788700718,0.0,1.8413771014541858,0.0,0.9685336163567043,0.0,""
"2025-12-16 03:14:42","7.1","/data/T1w_seg.nii.gz","919","2","",57.33302930862769,0.0,-5.255554559926895,0.0,7.692924758830508,0.0,6.231506060922461,0.0,11.537218891880233,0.0,0.8415980321931625,0.0,1.2129460105685852,0.0,0.9724846500689932,0.0,""
"2025-12-16 03:14:42","7.1","/data/T1w_seg.nii.gz","920","2","",56.771224915505954,0.0,-5.259896828505244,0.0,7.460548991180448,0.0,6.180863127498245,0.0,11.49063967993272,0.0,0.8430008391808027,0.0,0.7394307556099745,0.0,0.9759991431268463,0.0,""
"2025-12-16 03:14:42","7.1","/data/T1w_seg.nii.gz","921","2","",56.80727066776139,0.0,-5.261412623985698,0.0,7.2362042292681155,0.0,6.173872083359331,0.0,11.524426809155957,0.0,0.844387142110417,0.0,0.4466506425661836,0.0,0.9790043387545242,0.0,""
"2025-12-16 03:14:42","7.1","/data/T1w_seg.nii.gz","922","2","",56.852679477389685,0.0,-5.262120882929458,0.0,7.014176014907678,0.0,6.1599825564497905,0.0,11.568559145165827,0.0,0.8464085885023592,0.0,0.29503447075321954,0.0,0.9812959020056252,0.0,""
"2025-12-16 03:14:42","7.1","/data/T1w_seg.nii.gz","923","2","",56.949585102568776,0.0,-5.258387690921401,0.0,6.804888812082665,0.0,6.108151374301802,0.0,11.669590118502185,0.0,0.8519233239371058,0.0,0.9198199757097963,0.0,0.9796624871855532,0.0,""
"2025-12-16 03:14:42","7.1","/data/T1w_seg.nii.gz","924","2","",57.04649072774786,0.0,-5.254654498913344,0.0,6.595601609257653,0.0,6.056320192153815,0.0,11.770621091838544,0.0,0.8574380593718522,0.0,1.5446054806663732,0.0,0.9780290723654811,0.0,""
"2025-12-16 03:14:42","7.1","/data/T1w_seg.nii.gz","925","2","",57.07441488370586,0.0,-5.246479487728001,0.0,6.3991590592834156,0.0,6.030384929328802,0.0,11.872261582067246,0.0,0.8613203144779399,0.0,1.602657976621239,0.0,0.9788946759259259,0.0,""
"2025-12-16 03:14:42","7.1","/data/T1w_seg.nii.gz","926","2","",57.08979695435094,0.0,-5.237496873055878,0.0,6.205051900736591,0.0,6.009158015471603,0.0,11.9740128935491,0.0,0.8649057549788168,0.0,1.5576681073030667,0.0,0.9802146464646465,0.0,""
"2025-12-16 03:14:42","7.1","/data/T1w_seg.nii.gz","927","2","",57.955427727057675,0.0,-5.225687084937896,0.0,6.019174721005907,0.0,6.1218436997753845,0.0,11.885355820960005,0.0,0.8560292849047118,0.0,2.0786141575512014,0.0,0.9790677658595299,0.0,""
"2025-12-16 03:14:42","7.1","/data/T1w_seg.nii.gz","928","2","",59.54984310153155,0.0,-5.211454005294891,0.0,5.840351808831915,0.0,6.349311611074293,0.0,11.633491562024384,0.0,0.8364711771949078,0.0,3.084648138856167,0.0,0.9758064414168386,0.0,""
"2025-12-16 03:14:42","7.1","/data/T1w_seg.nii.gz","929","2","",61.01203175554877,0.0,-5.196008901961432,0.0,5.6650763172079035,0.0,6.545391337700826,0.0,11.464626669386982,0.0,0.8210124534519464,0.0,3.869091439218244,0.0,0.9730565648713052,0.0,""
"2025-12-16 03:14:42","7.1","/data/T1w_seg.nii.gz","930","2","",62.033464674710466,0.0,-5.176523719659796,0.0,5.501625560750496,0.0,6.63684378208611,0.0,11.572426331076976,0.0,0.8192183429317932,0.0,3.9148991364373704,0.0,0.9720115146496313,0.0,""
"2025-12-16 03:14:42","7.1","/data/T1w_seg.nii.gz","931","2","",63.05489759387216,0.0,-5.15703853735816,0.0,5.338174804293088,0.0,6.728296226471395,0.0,11.680225992766971,0.0,0.8174242324116399,0.0,3.9607068336564972,0.0,0.9709664644279573,0.0,""
"2025-12-16 03:14:42","7.1","/data/T1w_seg.nii.gz","932","2","",62.620240515342374,0.0,-5.132703216206205,0.0,5.188981584080807,0.0,6.671255908233039,0.0,11.683667729133905,0.0,0.8209241106278391,0.0,2.5546506448009456,0.0,0.9726229102371561,0.0,""
"2025-12-16 03:14:42","7.1","/data/T1w_seg.nii.gz","933","2","",62.06424260367164,0.0,-5.107963716816723,0.0,5.040976491888952,0.0,6.601841193109381,0.0,11.678412971723919,0.0,0.8248651545720677,0.0,1.0276057987725107,0.0,0.9745044807155943,0.0,""
"2025-12-16 03:14:42","7.1","/data/T1w_seg.nii.gz","934","2","",61.859672214381625,0.0,-5.079989089611934,0.0,4.902513889720079,0.0,6.594521495997686,0.0,11.65643267726042,0.0,0.8245592877647342,0.0,0.4010761009771231,0.0,0.9740820472393196,0.0,""
"2025-12-16 03:14:42","7.1","/data/T1w_seg.nii.gz","935","2","",61.87474402657958,0.0,-5.049992507522579,0.0,4.770015343815566,0.0,6.626011185143466,0.0,11.62399892213848,0.0,0.8215991017376745,0.0,0.337368370827387,0.0,0.9722196112913495,0.0,""
"2025-12-16 03:14:42","7.1","/data/T1w_seg.nii.gz","936","2","",61.5802885230986,0.0,-5.0183773509788825,0.0,4.642303395550673,0.0,6.620875030268671,0.0,11.591258563697059,0.0,0.8208039173614852,0.0,0.39196561648110145,0.0,0.9713186093304009,0.0,""
"2025-12-16 03:14:42","7.1","/data/T1w_seg.nii.gz","937","2","",60.58939655934007,0.0,-4.983120401912918,0.0,4.525361291974921,0.0,6.533330726347581,0.0,11.557828347786808,0.0,0.8248799866997542,0.0,0.7127490576925765,0.0,0.9725808338402508,0.0,""
"2025-12-16 03:14:42","7.1","/data/T1w_seg.nii.gz","938","2","",59.598504595581524,0.0,-4.947863452846953,0.0,4.4084191883991695,0.0,6.44578642242649,0.0,11.524398131876556,0.0,0.8289560560380231,0.0,1.0335324989040515,0.0,0.9738430583501007,0.0,""
"2025-12-16 03:14:42","7.1","/data/T1w_seg.nii.gz","939","1","",60.95027729213484,0.0,-4.854353269485072,0.0,4.1745455173164245,0.0,6.300374368246267,0.0,12.047874115631185,0.0,0.852368090949681,0.0,1.7459025348283792,0.0,0.9860279441117764,0.0,""
"2025-12-16 03:14:42","7.1","/data/T1w_seg.nii.gz","940","1","",60.484527811625625,0.0,-4.811002352746484,0.0,4.093394119913983,0.0,6.296725116760766,0.0,11.950768296132585,0.0,0.8498883433080826,0.0,2.3502865223684934,0.0,0.985367185162716,0.0,""
"2025-12-16 03:14:42","7.1","/data/T1w_seg.nii.gz","941","1","",60.0187783311164,0.0,-4.767651436007895,0.0,4.012242722511541,0.0,6.293075865275265,0.0,11.853662476633986,0.0,0.8474085956664841,0.0,2.954670509908608,0.0,0.9847064262136557,0.0,""
"2025-12-16 03:14:42","7.1","/data/T1w_seg.nii.gz","942","1","",59.820023380278464,0.0,-4.721492465417028,0.0,3.939427964681198,0.0,6.292074460352405,0.0,11.815968546750963,0.0,0.8464276710002921,0.0,3.2380778713501868,0.0,0.985348207892614,0.0,""
"2025-12-16 03:14:42","7.1","/data/T1w_seg.nii.gz","943","1","",59.828930841407086,0.0,-4.673149452941053,0.0,3.8730972598513747,0.0,6.293132491644931,0.0,11.824483864346725,0.0,0.846612497537194,0.0,3.271836745826239,0.0,0.9870030767266982,0.0,""
"2025-12-16 03:14:42","7.1","/data/T1w_seg.nii.gz","944","1","",59.77820698943544,0.0,-4.624181849484641,0.0,3.8086214227452313,0.0,6.297161016752252,0.0,11.814831293821959,0.0,0.8460892602992008,0.0,3.2810215883174556,0.0,0.9882287759382102,0.0,""
"2025-12-16 03:14:42","7.1","/data/T1w_seg.nii.gz","945","1","",59.310063945761954,0.0,-4.570842109165173,0.0,3.7571296597048467,0.0,6.32198299856313,0.0,11.678003506453516,0.0,0.8406095766369417,0.0,3.118188206914824,0.0,0.9864502877917183,0.0,""
"2025-12-16 03:14:42","7.1","/data/T1w_seg.nii.gz","946","1","",58.84192090208847,0.0,-4.517502368845704,0.0,3.705637896664462,0.0,6.346804980374008,0.0,11.541175719085073,0.0,0.8351298929746825,0.0,2.9553548255121926,0.0,0.9846717996452262,0.0,""
"2025-12-16 03:14:42","7.1","/data/T1w_seg.nii.gz","947","1","",58.37302144597703,0.0,-4.460724031046092,0.0,3.6643570903115994,0.0,6.369002794550342,0.0,11.405471624270824,0.0,0.8294023691031759,0.0,2.3784628351025403,0.0,0.9792009334626685,0.0,""
"2025-12-16 03:14:42","7.1","/data/T1w_seg.nii.gz","948","1","",57.90377816603016,0.0,-4.40238269439187,0.0,3.6277176279076104,0.0,6.3900078052564275,0.0,11.270278298799388,0.0,0.8235621905911024,0.0,1.6133623860533342,0.0,0.9720517136273537,0.0,""
"2025-12-16 03:14:42","7.1","/data/T1w_seg.nii.gz","949","1","",57.791599997215364,0.0,-4.342789700318603,0.0,3.5947935094224275,0.0,6.467346887849826,0.0,11.114048954778088,0.0,0.8123213406665281,0.0,1.1234729340930396,0.0,0.9680384049997446,0.0,""
"2025-12-16 03:14:42","7.1","/data/T1w_seg.nii.gz","950","1","",58.75061716179679,0.0,-4.279441733988203,0.0,3.573015422693664,0.0,6.713688186105161,0.0,10.894711555107191,0.0,0.7848784765044516,0.0,1.4592164733994772,0.0,0.973432829995253,0.0,""
"2025-12-16 03:14:42","7.1","/data/T1w_seg.nii.gz","951","1","",59.709634326378215,0.0,-4.216093767657804,0.0,3.5512373359649,0.0,6.960029484360495,0.0,10.675374155436293,0.0,0.7574356123423753,0.0,1.7949600127059149,0.0,0.9788272549907615,0.0,""
"2025-12-16 03:14:42","7.1","/data/T1w_seg.nii.gz","952","1","",59.90385374774175,0.0,-4.148673755020981,0.0,3.54153836170822,0.0,7.005941795663322,0.0,10.629431957854413,0.0,0.7520509478368095,0.0,1.8989677321473266,0.0,0.9796100252366386,0.0,""
"2025-12-16 03:14:42","7.1","/data/T1w_seg.nii.gz","953","1","",59.921581382208856,0.0,-4.08031403939037,0.0,3.534626874945098,0.0,7.005601263823261,0.0,10.623504037677689,0.0,0.7517566370981307,0.0,1.9494979546968096,0.0,0.9793285674633702,0.0,""
"2025-12-16 03:14:42","7.1","/data/T1w_seg.nii.gz","954","1","",60.11435771866223,0.0,-4.010072997682828,0.0,3.530702343934871,0.0,7.007204288993078,0.0,10.640628515057452,0.0,0.7525364601219255,0.0,2.3110550513911683,0.0,0.9787963295462883,0.0,""
"2025-12-16 03:14:42","7.1","/data/T1w_seg.nii.gz","955","1","",60.59888189175939,0.0,-3.936696412513735,0.0,3.531756072512803,0.0,7.012046575846023,0.0,10.696173655031355,0.0,0.7551065060831764,0.0,3.190990271660318,0.0,0.9778461247228507,0.0,""
"2025-12-16 03:14:42","7.1","/data/T1w_seg.nii.gz","956","1","",61.083406064856554,0.0,-3.8633198273446423,0.0,3.5328098010907354,0.0,7.016888862698968,0.0,10.75171879500526,0.0,0.7576765520444273,0.0,4.070925491929468,0.0,0.9768959198994133,0.0,""
"2025-12-16 03:14:42","7.1","/data/T1w_seg.nii.gz","957","1","",61.628190429762036,0.0,-3.785235213213652,0.0,3.5348592892905035,0.0,7.081446352349638,0.0,10.756633730840692,0.0,0.7526656184627321,0.0,3.4309760251218053,0.0,0.9782676181373485,0.0,""
"2025-12-16 03:14:42","7.1","/data/T1w_seg.nii.gz","958","1","",62.17699214078808,0.0,-3.7068367304852026,0.0,3.536975161465061,0.0,7.149984855520156,0.0,10.758173319733558,0.0,0.7471492862448403,0.0,2.6897009125090268,0.0,0.9797941099127088,0.0,""
"2025-12-16 03:14:42","7.1","/data/T1w_seg.nii.gz","959","1","",62.725891242588524,0.0,-3.6259248810996163,0.0,3.53962208769335,0.0,7.2016249829235655,0.0,10.785046702046644,0.0,0.7443960410704504,0.0,2.907622093392832,0.0,0.9810268728850906,0.0,""
"2025-12-16 03:14:42","7.1","/data/T1w_seg.nii.gz","960","1","",63.27488773516337,0.0,-3.542499665056894,0.0,3.542800067975371,0.0,7.236366734559867,0.0,10.837253877779952,0.0,0.7444058829395624,0.0,4.084739567773216,0.0,0.9819659070544942,0.0,""
"2025-12-16 03:14:42","7.1","/data/T1w_seg.nii.gz","961","1","",63.78982605310158,0.0,-3.458759994670663,0.0,3.5460444266725895,0.0,7.26876182393808,0.0,10.886961685696894,0.0,0.744471223607103,0.0,5.185673010780274,0.0,0.9829594540218615,0.0,""
"2025-12-16 03:14:42","7.1","/data/T1w_seg.nii.gz","962","1","",63.793891751490115,0.0,-3.3703035091318068,0.0,3.5502844615977756,0.0,7.265956979444993,0.0,10.899178976368338,0.0,0.7453690462510714,0.0,5.143845983187475,0.0,0.9847706929586841,0.0,""
"2025-12-16 03:14:42","7.1","/data/T1w_seg.nii.gz","963","1","",63.79795744987865,0.0,-3.281847023592951,0.0,3.5545244965229617,0.0,7.2631521349519055,0.0,10.911396267039784,0.0,0.7462668688950398,0.0,5.102018955594676,0.0,0.9865819318955068,0.0,""
"2025-12-16 03:14:42","7.1","/data/T1w_seg.nii.gz","964","1","",63.16304720818294,0.0,-3.1902434183582917,0.0,3.559428270830243,0.0,7.238105026904453,0.0,10.842256902210194,0.0,0.7444771945757162,0.0,4.134478294576203,0.0,0.9854500883699345,0.0,""
"2025-12-16 03:14:42","7.1","/data/T1w_seg.nii.gz","965","1","",62.14475140243667,0.0,-3.09675154130615,0.0,3.5647302887667816,0.0,7.199712560724381,0.0,10.72430354407998,0.0,0.7410750220784171,0.0,2.611509453502326,0.0,0.9825523953669252,0.0,""
"2025-12-16 03:14:42","7.1","/data/T1w_seg.nii.gz","966","1","",61.22858888674996,0.0,-3.002314855975948,0.0,3.570231411632463,0.0,7.166885814490924,0.0,10.618308241228346,0.0,0.7378525630730342,0.0,1.3312630486729928,0.0,0.9803726313810903,0.0,""
"2025-12-16 03:14:42","7.1","/data/T1w_seg.nii.gz","967","1","",60.75500396132133,0.0,-2.9037840014408185,0.0,3.5765953225244274,0.0,7.158177188026142,0.0,10.564131177917218,0.0,0.7354088625326205,0.0,1.1028138675699934,0.0,0.981303893136344,0.0,""
"2025-12-16 03:14:42","7.1","/data/T1w_seg.nii.gz","968","1","",60.2814190358927,0.0,-2.8052531469056885,0.0,3.5829592334163918,0.0,7.149468561561358,0.0,10.50995411460609,0.0,0.7329651619922068,0.0,0.8743646864669942,0.0,0.9822351548915979,0.0,""
"2025-12-16 03:14:42","7.1","/data/T1w_seg.nii.gz","969","1","",60.164152510195265,0.0,-2.702940868684258,0.0,3.609467749202957,0.0,7.14639099006405,0.0,10.500069772372711,0.0,0.732653977842567,0.0,0.8816703769884942,0.0,0.98206473937255,0.0,""
"2025-12-16 03:14:42","7.1","/data/T1w_seg.nii.gz","970","1","",60.16565878440823,0.0,-2.5993681159007282,0.0,3.642691133287722,0.0,7.145190436889234,0.0,10.504949670498585,0.0,0.7330536324898518,0.0,0.9675610247181592,0.0,0.9815270980954016,0.0,""
"2025-12-16 03:14:42","7.1","/data/T1w_seg.nii.gz","971","1","",60.61366924351835,0.0,-2.4942191076723566,0.0,3.6923614421924484,0.0,7.182124145025377,0.0,10.53275676613918,0.0,0.7314576542897029,0.0,1.1195821697649846,0.0,0.9777960340619231,0.0,""
"2025-12-16 03:14:42","7.1","/data/T1w_seg.nii.gz","972","1","",62.04398890940218,0.0,-2.385602337465336,0.0,3.7782149857010907,0.0,7.302953228045635,0.0,10.611003696312164,0.0,0.7254712838252001,0.0,1.4170904089095613,0.0,0.9670394399645184,0.0,""
"2025-12-16 03:14:42","7.1","/data/T1w_seg.nii.gz","973","1","",63.47430857528601,0.0,-2.276985567258316,0.0,3.864068529209732,0.0,7.423782311065892,0.0,10.689250626485148,0.0,0.7194849133606973,0.0,1.7145986480541358,0.0,0.9562828458671138,0.0,""
"2025-12-16 03:14:42","7.1","/data/T1w_seg.nii.gz","974","1","",64.0637925246641,0.0,-2.163954254514609,0.0,3.995903856361181,0.0,7.503345900458532,0.0,10.684533006252797,0.0,0.7117829422360765,0.0,1.3810882246736171,0.0,0.9580130226926659,0.0,""
"2025-12-16 03:14:42","7.1","/data/T1w_seg.nii.gz","975","1","",64.53315708596995,0.0,-2.050292292837089,0.0,4.1343080097473175,0.0,7.577014419332942,0.0,10.667963307391114,0.0,0.7038358853028676,0.0,0.9574322780752287,0.0,0.9615270239357832,0.0,""
"2025-12-16 03:14:42","7.1","/data/T1w_seg.nii.gz","976","1","",64.37388454215737,0.0,-1.9344230256156125,0.0,4.295640554859973,0.0,7.576108258000001,0.0,10.613159213733306,0.0,0.7003243979910161,0.0,0.7587505208469619,0.0,0.962718912966417,0.0,""
"2025-12-16 03:14:42","7.1","/data/T1w_seg.nii.gz","977","1","",63.40636429176394,0.0,-1.8157157941233357,0.0,4.486452460763867,0.0,7.479320364971899,0.0,10.509196612480485,0.0,0.7025157859066244,0.0,0.8493212928088477,0.0,0.9609252291524295,0.0,""
"2025-12-16 03:14:42","7.1","/data/T1w_seg.nii.gz","978","1","",62.438844041370515,0.0,-1.697008562631059,0.0,4.677264366667761,0.0,7.382532471943797,0.0,10.405234011227662,0.0,0.7047071738222327,0.0,0.9398920647707335,0.0,0.9591315453384419,0.0,""
"2025-12-16 03:14:42","7.1","/data/T1w_seg.nii.gz","979","1","","","","","","","","","","","","","","","","","",""
"2025-12-16 03:14:42","7.1","/data/T1w_seg.nii.gz","980","1","","","","","","","","","","","","","","","","","",""
"2025-12-16 03:14:42","7.1","/data/T1w_seg.nii.gz","981","1","","","","","","","","","","","","","","","","","",""
"2025-12-16 03:14:42","7.1","/data/T1w_seg.nii.gz","982","1","","","","","","","","","","","","","","","","","",""
"2025-12-16 03:14:42","7.1","/data/T1w_seg.nii.gz","983","1","","","","","","","","","","","","","","","","","",""
"2025-12-16 03:14:42","7.1","/data/T1w_seg.nii.gz","984","1","","","","","","","","","","","","","","","","","",""
