Timestamp,SCT Version,Filename,Slice (I->S),VertLevel,DistancePMJ,MEAN(area),STD(area),MEAN(angle_AP),STD(angle_AP),MEAN(angle_RL),STD(angle_RL),MEAN(diameter_AP),STD(diameter_AP),MEAN(diameter_RL),STD(diameter_RL),MEAN(eccentricity),STD(eccentricity),MEAN(orientation),STD(orientation),MEAN(solidity),STD(solidity),SUM(length)
"2025-12-16 05:11:49","7.1","/data/T1w_seg.nii.gz","40","20","","","","","","","","","","","","","","","","","",""
"2025-12-16 05:11:49","7.1","/data/T1w_seg.nii.gz","41","20","","","","","","","","","","","","","","","","","",""
"2025-12-16 05:11:49","7.1","/data/T1w_seg.nii.gz","42","20","","","","","","","","","","","","","","","","","",""
"2025-12-16 05:11:49","7.1","/data/T1w_seg.nii.gz","43","20","","","","","","","","","","","","","","","","","",""
"2025-12-16 05:11:49","7.1","/data/T1w_seg.nii.gz","44","20","","","","","","","","","","","","","","","","","",""
"2025-12-16 05:11:49","7.1","/data/T1w_seg.nii.gz","45","20","","","","","","","","","","","","","","","","","",""
"2025-12-16 05:11:49","7.1","/data/T1w_seg.nii.gz","46","20","","","","","","","","","","","","","","","","","",""
"2025-12-16 05:11:49","7.1","/data/T1w_seg.nii.gz","47","20","","","","","","","","","","","","","","","","","",""
"2025-12-16 05:11:49","7.1","/data/T1w_seg.nii.gz","48","20","","","","","","","","","","","","","","","","","",""
"2025-12-16 05:11:49","7.1","/data/T1w_seg.nii.gz","49","20","","","","","","","","","","","","","","","","","",""
"2025-12-16 05:11:49","7.1","/data/T1w_seg.nii.gz","50","20","","","","","","","","","","","","","","","","","",""
"2025-12-16 05:11:49","7.1","/data/T1w_seg.nii.gz","51","20","","","","","","","","","","","","","","","","","",""
"2025-12-16 05:11:49","7.1","/data/T1w_seg.nii.gz","52","20","","","","","","","","","","","","","","","","","",""
"2025-12-16 05:11:49","7.1","/data/T1w_seg.nii.gz","53","20","","","","","","","","","","","","","","","","","",""
"2025-12-16 05:11:49","7.1","/data/T1w_seg.nii.gz","54","20","","","","","","","","","","","","","","","","","",""
"2025-12-16 05:11:49","7.1","/data/T1w_seg.nii.gz","55","20","","","","","","","","","","","","","","","","","",""
"2025-12-16 05:11:49","7.1","/data/T1w_seg.nii.gz","56","20","","","","","","","","","","","","","","","","","",""
"2025-12-16 05:11:49","7.1","/data/T1w_seg.nii.gz","57","20","","","","","","","","","","","","","","","","","",""
"2025-12-16 05:11:49","7.1","/data/T1w_seg.nii.gz","58","20","","","","","","","","","","","","","","","","","",""
"2025-12-16 05:11:49","7.1","/data/T1w_seg.nii.gz","59","20","","","","","","","","","","","","","","","","","",""
"2025-12-16 05:11:49","7.1","/data/T1w_seg.nii.gz","60","20","","","","","","","","","","","","","","","","","",""
"2025-12-16 05:11:49","7.1","/data/T1w_seg.nii.gz","61","20","","","","","","","","","","","","","","","","","",""
"2025-12-16 05:11:49","7.1","/data/T1w_seg.nii.gz","62","20","","","","","","","","","","","","","","","","","",""
"2025-12-16 05:11:49","7.1","/data/T1w_seg.nii.gz","63","20","","","","","","","","","","","","","","","","","",""
"2025-12-16 05:11:49","7.1","/data/T1w_seg.nii.gz","64","20","","","","","","","","","","","","","","","","","",""
"2025-12-16 05:11:49","7.1","/data/T1w_seg.nii.gz","65","20","","","","","","","","","","","","","","","","","",""
"2025-12-16 05:11:49","7.1","/data/T1w_seg.nii.gz","66","20","","","","","","","","","","","","","","","","","",""
"2025-12-16 05:11:49","7.1","/data/T1w_seg.nii.gz","67","20","","","","","","","","","","","","","","","","","",""
"2025-12-16 05:11:49","7.1","/data/T1w_seg.nii.gz","68","20","","","","","","","","","","","","","","","","","",""
"2025-12-16 05:11:49","7.1","/data/T1w_seg.nii.gz","69","20","","","","","","","","","","","","","","","","","",""
"2025-12-16 05:11:49","7.1","/data/T1w_seg.nii.gz","70","20","","","","","","","","","","","","","","","","","",""
"2025-12-16 05:11:49","7.1","/data/T1w_seg.nii.gz","71","20","","","","","","","","","","","","","","","","","",""
"2025-12-16 05:11:49","7.1","/data/T1w_seg.nii.gz","72","20","","","","","","","","","","","","","","","","","",""
"2025-12-16 05:11:49","7.1","/data/T1w_seg.nii.gz","73","20","","","","","","","","","","","","","","","","","",""
"2025-12-16 05:11:49","7.1","/data/T1w_seg.nii.gz","74","20","","","","","","","","","","","","","","","","","",""
"2025-12-16 05:11:49","7.1","/data/T1w_seg.nii.gz","75","20","","","","","","","","","","","","","","","","","",""
"2025-12-16 05:11:49","7.1","/data/T1w_seg.nii.gz","76","20","","","","","","","","","","","","","","","","","",""
"2025-12-16 05:11:49","7.1","/data/T1w_seg.nii.gz","77","20","","","","","","","","","","","","","","","","","",""
"2025-12-16 05:11:49","7.1","/data/T1w_seg.nii.gz","78","20","","","","","","","","","","","","","","","","","",""
"2025-12-16 05:11:49","7.1","/data/T1w_seg.nii.gz","79","20","","","","","","","","","","","","","","","","","",""
"2025-12-16 05:11:49","7.1","/data/T1w_seg.nii.gz","80","20","","","","","","","","","","","","","","","","","",""
"2025-12-16 05:11:49","7.1","/data/T1w_seg.nii.gz","81","20","","","","","","","","","","","","","","","","","",""
"2025-12-16 05:11:49","7.1","/data/T1w_seg.nii.gz","82","20","","","","","","","","","","","","","","","","","",""
"2025-12-16 05:11:49","7.1","/data/T1w_seg.nii.gz","83","20","","","","","","","","","","","","","","","","","",""
"2025-12-16 05:11:49","7.1","/data/T1w_seg.nii.gz","84","20","","","","","","","","","","","","","","","","","",""
"2025-12-16 05:11:49","7.1","/data/T1w_seg.nii.gz","85","20","","","","","","","","","","","","","","","","","",""
"2025-12-16 05:11:49","7.1","/data/T1w_seg.nii.gz","86","20","","","","","","","","","","","","","","","","","",""
"2025-12-16 05:11:49","7.1","/data/T1w_seg.nii.gz","87","20","","","","","","","","","","","","","","","","","",""
"2025-12-16 05:11:49","7.1","/data/T1w_seg.nii.gz","88","20","","","","","","","","","","","","","","","","","",""
"2025-12-16 05:11:49","7.1","/data/T1w_seg.nii.gz","89","20","","","","","","","","","","","","","","","","","",""
"2025-12-16 05:11:49","7.1","/data/T1w_seg.nii.gz","90","20","","","","","","","","","","","","","","","","","",""
"2025-12-16 05:11:49","7.1","/data/T1w_seg.nii.gz","91","20","","","","","","","","","","","","","","","","","",""
"2025-12-16 05:11:49","7.1","/data/T1w_seg.nii.gz","92","20","","","","","","","","","","","","","","","","","",""
"2025-12-16 05:11:49","7.1","/data/T1w_seg.nii.gz","93","20","","","","","","","","","","","","","","","","","",""
"2025-12-16 05:11:49","7.1","/data/T1w_seg.nii.gz","94","20","","","","","","","","","","","","","","","","","",""
"2025-12-16 05:11:49","7.1","/data/T1w_seg.nii.gz","95","20","","","","","","","","","","","","","","","","","",""
"2025-12-16 05:11:49","7.1","/data/T1w_seg.nii.gz","96","20","","","","","","","","","","","","","","","","","",""
"2025-12-16 05:11:49","7.1","/data/T1w_seg.nii.gz","97","20","","","","","","","","","","","","","","","","","",""
"2025-12-16 05:11:49","7.1","/data/T1w_seg.nii.gz","98","20","","","","","","","","","","","","","","","","","",""
"2025-12-16 05:11:49","7.1","/data/T1w_seg.nii.gz","99","20","","","","","","","","","","","","","","","","","",""
"2025-12-16 05:11:49","7.1","/data/T1w_seg.nii.gz","100","20","","","","","","","","","","","","","","","","","",""
"2025-12-16 05:11:49","7.1","/data/T1w_seg.nii.gz","101","20","","","","","","","","","","","","","","","","","",""
"2025-12-16 05:11:49","7.1","/data/T1w_seg.nii.gz","102","20","","","","","","","","","","","","","","","","","",""
"2025-12-16 05:11:49","7.1","/data/T1w_seg.nii.gz","103","20","","","","","","","","","","","","","","","","","",""
"2025-12-16 05:11:49","7.1","/data/T1w_seg.nii.gz","104","20","","","","","","","","","","","","","","","","","",""
"2025-12-16 05:11:49","7.1","/data/T1w_seg.nii.gz","105","20","","","","","","","","","","","","","","","","","",""
"2025-12-16 05:11:49","7.1","/data/T1w_seg.nii.gz","106","19","","","","","","","","","","","","","","","","","",""
"2025-12-16 05:11:49","7.1","/data/T1w_seg.nii.gz","107","19","","","","","","","","","","","","","","","","","",""
"2025-12-16 05:11:49","7.1","/data/T1w_seg.nii.gz","108","19","","","","","","","","","","","","","","","","","",""
"2025-12-16 05:11:49","7.1","/data/T1w_seg.nii.gz","109","19","","","","","","","","","","","","","","","","","",""
"2025-12-16 05:11:49","7.1","/data/T1w_seg.nii.gz","110","19","","","","","","","","","","","","","","","","","",""
"2025-12-16 05:11:49","7.1","/data/T1w_seg.nii.gz","111","19","","","","","","","","","","","","","","","","","",""
"2025-12-16 05:11:49","7.1","/data/T1w_seg.nii.gz","112","19","","","","","","","","","","","","","","","","","",""
"2025-12-16 05:11:49","7.1","/data/T1w_seg.nii.gz","113","19","","","","","","","","","","","","","","","","","",""
"2025-12-16 05:11:49","7.1","/data/T1w_seg.nii.gz","114","19","","","","","","","","","","","","","","","","","",""
"2025-12-16 05:11:49","7.1","/data/T1w_seg.nii.gz","115","19","","","","","","","","","","","","","","","","","",""
"2025-12-16 05:11:49","7.1","/data/T1w_seg.nii.gz","116","19","","","","","","","","","","","","","","","","","",""
"2025-12-16 05:11:49","7.1","/data/T1w_seg.nii.gz","117","19","","","","","","","","","","","","","","","","","",""
"2025-12-16 05:11:49","7.1","/data/T1w_seg.nii.gz","118","19","","","","","","","","","","","","","","","","","",""
"2025-12-16 05:11:49","7.1","/data/T1w_seg.nii.gz","119","19","","","","","","","","","","","","","","","","","",""
"2025-12-16 05:11:49","7.1","/data/T1w_seg.nii.gz","120","19","","","","","","","","","","","","","","","","","",""
"2025-12-16 05:11:49","7.1","/data/T1w_seg.nii.gz","121","19","","","","","","","","","","","","","","","","","",""
"2025-12-16 05:11:49","7.1","/data/T1w_seg.nii.gz","122","19","","","","","","","","","","","","","","","","","",""
"2025-12-16 05:11:49","7.1","/data/T1w_seg.nii.gz","123","19","","","","","","","","","","","","","","","","","",""
"2025-12-16 05:11:49","7.1","/data/T1w_seg.nii.gz","124","19","","","","","","","","","","","","","","","","","",""
"2025-12-16 05:11:49","7.1","/data/T1w_seg.nii.gz","125","19","","","","","","","","","","","","","","","","","",""
"2025-12-16 05:11:49","7.1","/data/T1w_seg.nii.gz","126","19","","","","","","","","","","","","","","","","","",""
"2025-12-16 05:11:49","7.1","/data/T1w_seg.nii.gz","127","19","","","","","","","","","","","","","","","","","",""
"2025-12-16 05:11:49","7.1","/data/T1w_seg.nii.gz","128","19","","","","","","","","","","","","","","","","","",""
"2025-12-16 05:11:49","7.1","/data/T1w_seg.nii.gz","129","19","","","","","","","","","","","","","","","","","",""
"2025-12-16 05:11:49","7.1","/data/T1w_seg.nii.gz","130","19","","","","","","","","","","","","","","","","","",""
"2025-12-16 05:11:49","7.1","/data/T1w_seg.nii.gz","131","19","","","","","","","","","","","","","","","","","",""
"2025-12-16 05:11:49","7.1","/data/T1w_seg.nii.gz","132","19","","","","","","","","","","","","","","","","","",""
"2025-12-16 05:11:49","7.1","/data/T1w_seg.nii.gz","133","19","","","","","","","","","","","","","","","","","",""
"2025-12-16 05:11:49","7.1","/data/T1w_seg.nii.gz","134","19","","","","","","","","","","","","","","","","","",""
"2025-12-16 05:11:49","7.1","/data/T1w_seg.nii.gz","135","19","","","","","","","","","","","","","","","","","",""
"2025-12-16 05:11:49","7.1","/data/T1w_seg.nii.gz","136","19","","","","","","","","","","","","","","","","","",""
"2025-12-16 05:11:49","7.1","/data/T1w_seg.nii.gz","137","19","","","","","","","","","","","","","","","","","",""
"2025-12-16 05:11:49","7.1","/data/T1w_seg.nii.gz","138","19","","","","","","","","","","","","","","","","","",""
"2025-12-16 05:11:49","7.1","/data/T1w_seg.nii.gz","139","19","","","","","","","","","","","","","","","","","",""
"2025-12-16 05:11:49","7.1","/data/T1w_seg.nii.gz","140","19","","","","","","","","","","","","","","","","","",""
"2025-12-16 05:11:49","7.1","/data/T1w_seg.nii.gz","141","19","","","","","","","","","","","","","","","","","",""
"2025-12-16 05:11:49","7.1","/data/T1w_seg.nii.gz","142","19","","","","","","","","","","","","","","","","","",""
"2025-12-16 05:11:49","7.1","/data/T1w_seg.nii.gz","143","19","","","","","","","","","","","","","","","","","",""
"2025-12-16 05:11:49","7.1","/data/T1w_seg.nii.gz","144","19","","","","","","","","","","","","","","","","","",""
"2025-12-16 05:11:49","7.1","/data/T1w_seg.nii.gz","145","19","","","","","","","","","","","","","","","","","",""
"2025-12-16 05:11:49","7.1","/data/T1w_seg.nii.gz","146","19","","","","","","","","","","","","","","","","","",""
"2025-12-16 05:11:49","7.1","/data/T1w_seg.nii.gz","147","19","","","","","","","","","","","","","","","","","",""
"2025-12-16 05:11:49","7.1","/data/T1w_seg.nii.gz","148","19","","","","","","","","","","","","","","","","","",""
"2025-12-16 05:11:49","7.1","/data/T1w_seg.nii.gz","149","19","","","","","","","","","","","","","","","","","",""
"2025-12-16 05:11:49","7.1","/data/T1w_seg.nii.gz","150","19","","","","","","","","","","","","","","","","","",""
"2025-12-16 05:11:49","7.1","/data/T1w_seg.nii.gz","151","19","","","","","","","","","","","","","","","","","",""
"2025-12-16 05:11:49","7.1","/data/T1w_seg.nii.gz","152","19","","","","","","","","","","","","","","","","","",""
"2025-12-16 05:11:49","7.1","/data/T1w_seg.nii.gz","153","19","","","","","","","","","","","","","","","","","",""
"2025-12-16 05:11:49","7.1","/data/T1w_seg.nii.gz","154","19","","","","","","","","","","","","","","","","","",""
"2025-12-16 05:11:49","7.1","/data/T1w_seg.nii.gz","155","19","","","","","","","","","","","","","","","","","",""
"2025-12-16 05:11:49","7.1","/data/T1w_seg.nii.gz","156","19","","","","","","","","","","","","","","","","","",""
"2025-12-16 05:11:49","7.1","/data/T1w_seg.nii.gz","157","19","","","","","","","","","","","","","","","","","",""
"2025-12-16 05:11:49","7.1","/data/T1w_seg.nii.gz","158","19","","","","","","","","","","","","","","","","","",""
"2025-12-16 05:11:49","7.1","/data/T1w_seg.nii.gz","159","19","","","","","","","","","","","","","","","","","",""
"2025-12-16 05:11:49","7.1","/data/T1w_seg.nii.gz","160","19","","","","","","","","","","","","","","","","","",""
"2025-12-16 05:11:49","7.1","/data/T1w_seg.nii.gz","161","19","","","","","","","","","","","","","","","","","",""
"2025-12-16 05:11:49","7.1","/data/T1w_seg.nii.gz","162","19","","","","","","","","","","","","","","","","","",""
"2025-12-16 05:11:49","7.1","/data/T1w_seg.nii.gz","163","19","","","","","","","","","","","","","","","","","",""
"2025-12-16 05:11:49","7.1","/data/T1w_seg.nii.gz","164","19","","","","","","","","","","","","","","","","","",""
"2025-12-16 05:11:49","7.1","/data/T1w_seg.nii.gz","165","19","","","","","","","","","","","","","","","","","",""
"2025-12-16 05:11:49","7.1","/data/T1w_seg.nii.gz","166","19","","","","","","","","","","","","","","","","","",""
"2025-12-16 05:11:49","7.1","/data/T1w_seg.nii.gz","167","19","","","","","","","","","","","","","","","","","",""
"2025-12-16 05:11:49","7.1","/data/T1w_seg.nii.gz","168","19","","","","","","","","","","","","","","","","","",""
"2025-12-16 05:11:49","7.1","/data/T1w_seg.nii.gz","169","18","","","","","","","","","","","","","","","","","",""
"2025-12-16 05:11:49","7.1","/data/T1w_seg.nii.gz","170","18","","","","","","","","","","","","","","","","","",""
"2025-12-16 05:11:49","7.1","/data/T1w_seg.nii.gz","171","18","","","","","","","","","","","","","","","","","",""
"2025-12-16 05:11:49","7.1","/data/T1w_seg.nii.gz","172","18","","","","","","","","","","","","","","","","","",""
"2025-12-16 05:11:49","7.1","/data/T1w_seg.nii.gz","173","18","","","","","","","","","","","","","","","","","",""
"2025-12-16 05:11:49","7.1","/data/T1w_seg.nii.gz","174","18","","","","","","","","","","","","","","","","","",""
"2025-12-16 05:11:49","7.1","/data/T1w_seg.nii.gz","175","18","","","","","","","","","","","","","","","","","",""
"2025-12-16 05:11:49","7.1","/data/T1w_seg.nii.gz","176","18","","","","","","","","","","","","","","","","","",""
"2025-12-16 05:11:49","7.1","/data/T1w_seg.nii.gz","177","18","","","","","","","","","","","","","","","","","",""
"2025-12-16 05:11:49","7.1","/data/T1w_seg.nii.gz","178","18","","","","","","","","","","","","","","","","","",""
"2025-12-16 05:11:49","7.1","/data/T1w_seg.nii.gz","179","18","","","","","","","","","","","","","","","","","",""
"2025-12-16 05:11:49","7.1","/data/T1w_seg.nii.gz","180","18","","","","","","","","","","","","","","","","","",""
"2025-12-16 05:11:49","7.1","/data/T1w_seg.nii.gz","181","18","","","","","","","","","","","","","","","","","",""
"2025-12-16 05:11:49","7.1","/data/T1w_seg.nii.gz","182","18","","","","","","","","","","","","","","","","","",""
"2025-12-16 05:11:49","7.1","/data/T1w_seg.nii.gz","183","18","","","","","","","","","","","","","","","","","",""
"2025-12-16 05:11:49","7.1","/data/T1w_seg.nii.gz","184","18","","","","","","","","","","","","","","","","","",""
"2025-12-16 05:11:49","7.1","/data/T1w_seg.nii.gz","185","18","","","","","","","","","","","","","","","","","",""
"2025-12-16 05:11:49","7.1","/data/T1w_seg.nii.gz","186","18","","","","","","","","","","","","","","","","","",""
"2025-12-16 05:11:49","7.1","/data/T1w_seg.nii.gz","187","18","","","","","","","","","","","","","","","","","",""
"2025-12-16 05:11:49","7.1","/data/T1w_seg.nii.gz","188","18","","","","","","","","","","","","","","","","","",""
"2025-12-16 05:11:49","7.1","/data/T1w_seg.nii.gz","189","18","","","","","","","","","","","","","","","","","",""
"2025-12-16 05:11:49","7.1","/data/T1w_seg.nii.gz","190","18","","","","","","","","","","","","","","","","","",""
"2025-12-16 05:11:49","7.1","/data/T1w_seg.nii.gz","191","18","","","","","","","","","","","","","","","","","",""
"2025-12-16 05:11:49","7.1","/data/T1w_seg.nii.gz","192","18","","","","","","","","","","","","","","","","","",""
"2025-12-16 05:11:49","7.1","/data/T1w_seg.nii.gz","193","18","","","","","","","","","","","","","","","","","",""
"2025-12-16 05:11:49","7.1","/data/T1w_seg.nii.gz","194","18","","","","","","","","","","","","","","","","","",""
"2025-12-16 05:11:49","7.1","/data/T1w_seg.nii.gz","195","18","","","","","","","","","","","","","","","","","",""
"2025-12-16 05:11:49","7.1","/data/T1w_seg.nii.gz","196","18","","","","","","","","","","","","","","","","","",""
"2025-12-16 05:11:49","7.1","/data/T1w_seg.nii.gz","197","18","","","","","","","","","","","","","","","","","",""
"2025-12-16 05:11:49","7.1","/data/T1w_seg.nii.gz","198","18","","","","","","","","","","","","","","","","","",""
"2025-12-16 05:11:49","7.1","/data/T1w_seg.nii.gz","199","18","","","","","","","","","","","","","","","","","",""
"2025-12-16 05:11:49","7.1","/data/T1w_seg.nii.gz","200","18","","","","","","","","","","","","","","","","","",""
"2025-12-16 05:11:49","7.1","/data/T1w_seg.nii.gz","201","18","","","","","","","","","","","","","","","","","",""
"2025-12-16 05:11:49","7.1","/data/T1w_seg.nii.gz","202","18","","","","","","","","","","","","","","","","","",""
"2025-12-16 05:11:49","7.1","/data/T1w_seg.nii.gz","203","18","","","","","","","","","","","","","","","","","",""
"2025-12-16 05:11:49","7.1","/data/T1w_seg.nii.gz","204","18","","","","","","","","","","","","","","","","","",""
"2025-12-16 05:11:49","7.1","/data/T1w_seg.nii.gz","205","18","","","","","","","","","","","","","","","","","",""
"2025-12-16 05:11:49","7.1","/data/T1w_seg.nii.gz","206","18","","","","","","","","","","","","","","","","","",""
"2025-12-16 05:11:49","7.1","/data/T1w_seg.nii.gz","207","18","","","","","","","","","","","","","","","","","",""
"2025-12-16 05:11:49","7.1","/data/T1w_seg.nii.gz","208","18","","","","","","","","","","","","","","","","","",""
"2025-12-16 05:11:49","7.1","/data/T1w_seg.nii.gz","209","18","","","","","","","","","","","","","","","","","",""
"2025-12-16 05:11:49","7.1","/data/T1w_seg.nii.gz","210","18","","","","","","","","","","","","","","","","","",""
"2025-12-16 05:11:49","7.1","/data/T1w_seg.nii.gz","211","18","","","","","","","","","","","","","","","","","",""
"2025-12-16 05:11:49","7.1","/data/T1w_seg.nii.gz","212","18","","","","","","","","","","","","","","","","","",""
"2025-12-16 05:11:49","7.1","/data/T1w_seg.nii.gz","213","18","","","","","","","","","","","","","","","","","",""
"2025-12-16 05:11:49","7.1","/data/T1w_seg.nii.gz","214","18","","","","","","","","","","","","","","","","","",""
"2025-12-16 05:11:49","7.1","/data/T1w_seg.nii.gz","215","18","","","","","","","","","","","","","","","","","",""
"2025-12-16 05:11:49","7.1","/data/T1w_seg.nii.gz","216","18","","","","","","","","","","","","","","","","","",""
"2025-12-16 05:11:49","7.1","/data/T1w_seg.nii.gz","217","18","","","","","","","","","","","","","","","","","",""
"2025-12-16 05:11:49","7.1","/data/T1w_seg.nii.gz","218","18","","","","","","","","","","","","","","","","","",""
"2025-12-16 05:11:49","7.1","/data/T1w_seg.nii.gz","219","18","","","","","","","","","","","","","","","","","",""
"2025-12-16 05:11:49","7.1","/data/T1w_seg.nii.gz","220","18","","","","","","","","","","","","","","","","","",""
"2025-12-16 05:11:49","7.1","/data/T1w_seg.nii.gz","221","18","","","","","","","","","","","","","","","","","",""
"2025-12-16 05:11:49","7.1","/data/T1w_seg.nii.gz","222","18","","","","","","","","","","","","","","","","","",""
"2025-12-16 05:11:49","7.1","/data/T1w_seg.nii.gz","223","18","","","","","","","","","","","","","","","","","",""
"2025-12-16 05:11:49","7.1","/data/T1w_seg.nii.gz","224","18","","","","","","","","","","","","","","","","","",""
"2025-12-16 05:11:49","7.1","/data/T1w_seg.nii.gz","225","18","","","","","","","","","","","","","","","","","",""
"2025-12-16 05:11:49","7.1","/data/T1w_seg.nii.gz","226","18","","","","","","","","","","","","","","","","","",""
"2025-12-16 05:11:49","7.1","/data/T1w_seg.nii.gz","227","18","","","","","","","","","","","","","","","","","",""
"2025-12-16 05:11:49","7.1","/data/T1w_seg.nii.gz","228","18","","","","","","","","","","","","","","","","","",""
"2025-12-16 05:11:49","7.1","/data/T1w_seg.nii.gz","229","18","","","","","","","","","","","","","","","","","",""
"2025-12-16 05:11:49","7.1","/data/T1w_seg.nii.gz","230","18","","","","","","","","","","","","","","","","","",""
"2025-12-16 05:11:49","7.1","/data/T1w_seg.nii.gz","231","18","","","","","","","","","","","","","","","","","",""
"2025-12-16 05:11:49","7.1","/data/T1w_seg.nii.gz","232","17","","","","","","","","","","","","","","","","","",""
"2025-12-16 05:11:49","7.1","/data/T1w_seg.nii.gz","233","17","","","","","","","","","","","","","","","","","",""
"2025-12-16 05:11:49","7.1","/data/T1w_seg.nii.gz","234","17","","","","","","","","","","","","","","","","","",""
"2025-12-16 05:11:49","7.1","/data/T1w_seg.nii.gz","235","17","","","","","","","","","","","","","","","","","",""
"2025-12-16 05:11:49","7.1","/data/T1w_seg.nii.gz","236","17","","","","","","","","","","","","","","","","","",""
"2025-12-16 05:11:49","7.1","/data/T1w_seg.nii.gz","237","17","","","","","","","","","","","","","","","","","",""
"2025-12-16 05:11:49","7.1","/data/T1w_seg.nii.gz","238","17","","","","","","","","","","","","","","","","","",""
"2025-12-16 05:11:49","7.1","/data/T1w_seg.nii.gz","239","17","","","","","","","","","","","","","","","","","",""
"2025-12-16 05:11:49","7.1","/data/T1w_seg.nii.gz","240","17","","","","","","","","","","","","","","","","","",""
"2025-12-16 05:11:49","7.1","/data/T1w_seg.nii.gz","241","17","","","","","","","","","","","","","","","","","",""
"2025-12-16 05:11:49","7.1","/data/T1w_seg.nii.gz","242","17","","","","","","","","","","","","","","","","","",""
"2025-12-16 05:11:49","7.1","/data/T1w_seg.nii.gz","243","17","","","","","","","","","","","","","","","","","",""
"2025-12-16 05:11:49","7.1","/data/T1w_seg.nii.gz","244","17","","","","","","","","","","","","","","","","","",""
"2025-12-16 05:11:49","7.1","/data/T1w_seg.nii.gz","245","17","","","","","","","","","","","","","","","","","",""
"2025-12-16 05:11:49","7.1","/data/T1w_seg.nii.gz","246","17","","","","","","","","","","","","","","","","","",""
"2025-12-16 05:11:49","7.1","/data/T1w_seg.nii.gz","247","17","","","","","","","","","","","","","","","","","",""
"2025-12-16 05:11:49","7.1","/data/T1w_seg.nii.gz","248","17","","","","","","","","","","","","","","","","","",""
"2025-12-16 05:11:49","7.1","/data/T1w_seg.nii.gz","249","17","","","","","","","","","","","","","","","","","",""
"2025-12-16 05:11:49","7.1","/data/T1w_seg.nii.gz","250","17","","","","","","","","","","","","","","","","","",""
"2025-12-16 05:11:49","7.1","/data/T1w_seg.nii.gz","251","17","","","","","","","","","","","","","","","","","",""
"2025-12-16 05:11:49","7.1","/data/T1w_seg.nii.gz","252","17","","","","","","","","","","","","","","","","","",""
"2025-12-16 05:11:49","7.1","/data/T1w_seg.nii.gz","253","17","","","","","","","","","","","","","","","","","",""
"2025-12-16 05:11:49","7.1","/data/T1w_seg.nii.gz","254","17","","","","","","","","","","","","","","","","","",""
"2025-12-16 05:11:49","7.1","/data/T1w_seg.nii.gz","255","17","","","","","","","","","","","","","","","","","",""
"2025-12-16 05:11:49","7.1","/data/T1w_seg.nii.gz","256","17","","","","","","","","","","","","","","","","","",""
"2025-12-16 05:11:49","7.1","/data/T1w_seg.nii.gz","257","17","","","","","","","","","","","","","","","","","",""
"2025-12-16 05:11:49","7.1","/data/T1w_seg.nii.gz","258","17","","","","","","","","","","","","","","","","","",""
"2025-12-16 05:11:49","7.1","/data/T1w_seg.nii.gz","259","17","","","","","","","","","","","","","","","","","",""
"2025-12-16 05:11:49","7.1","/data/T1w_seg.nii.gz","260","17","","","","","","","","","","","","","","","","","",""
"2025-12-16 05:11:49","7.1","/data/T1w_seg.nii.gz","261","17","","","","","","","","","","","","","","","","","",""
"2025-12-16 05:11:49","7.1","/data/T1w_seg.nii.gz","262","17","","","","","","","","","","","","","","","","","",""
"2025-12-16 05:11:49","7.1","/data/T1w_seg.nii.gz","263","17","","","","","","","","","","","","","","","","","",""
"2025-12-16 05:11:49","7.1","/data/T1w_seg.nii.gz","264","17","","","","","","","","","","","","","","","","","",""
"2025-12-16 05:11:49","7.1","/data/T1w_seg.nii.gz","265","17","","","","","","","","","","","","","","","","","",""
"2025-12-16 05:11:49","7.1","/data/T1w_seg.nii.gz","266","17","","","","","","","","","","","","","","","","","",""
"2025-12-16 05:11:49","7.1","/data/T1w_seg.nii.gz","267","17","","","","","","","","","","","","","","","","","",""
"2025-12-16 05:11:49","7.1","/data/T1w_seg.nii.gz","268","17","","","","","","","","","","","","","","","","","",""
"2025-12-16 05:11:49","7.1","/data/T1w_seg.nii.gz","269","17","","","","","","","","","","","","","","","","","",""
"2025-12-16 05:11:49","7.1","/data/T1w_seg.nii.gz","270","17","","","","","","","","","","","","","","","","","",""
"2025-12-16 05:11:49","7.1","/data/T1w_seg.nii.gz","271","17","","","","","","","","","","","","","","","","","",""
"2025-12-16 05:11:49","7.1","/data/T1w_seg.nii.gz","272","17","","","","","","","","","","","","","","","","","",""
"2025-12-16 05:11:49","7.1","/data/T1w_seg.nii.gz","273","17","","","","","","","","","","","","","","","","","",""
"2025-12-16 05:11:49","7.1","/data/T1w_seg.nii.gz","274","17","","","","","","","","","","","","","","","","","",""
"2025-12-16 05:11:49","7.1","/data/T1w_seg.nii.gz","275","17","","","","","","","","","","","","","","","","","",""
"2025-12-16 05:11:49","7.1","/data/T1w_seg.nii.gz","276","17","","","","","","","","","","","","","","","","","",""
"2025-12-16 05:11:49","7.1","/data/T1w_seg.nii.gz","277","17","","","","","","","","","","","","","","","","","",""
"2025-12-16 05:11:49","7.1","/data/T1w_seg.nii.gz","278","17","","","","","","","","","","","","","","","","","",""
"2025-12-16 05:11:49","7.1","/data/T1w_seg.nii.gz","279","17","","","","","","","","","","","","","","","","","",""
"2025-12-16 05:11:49","7.1","/data/T1w_seg.nii.gz","280","17","","","","","","","","","","","","","","","","","",""
"2025-12-16 05:11:49","7.1","/data/T1w_seg.nii.gz","281","17","","","","","","","","","","","","","","","","","",""
"2025-12-16 05:11:49","7.1","/data/T1w_seg.nii.gz","282","17","","","","","","","","","","","","","","","","","",""
"2025-12-16 05:11:49","7.1","/data/T1w_seg.nii.gz","283","17","","","","","","","","","","","","","","","","","",""
"2025-12-16 05:11:49","7.1","/data/T1w_seg.nii.gz","284","17","","","","","","","","","","","","","","","","","",""
"2025-12-16 05:11:49","7.1","/data/T1w_seg.nii.gz","285","17","","","","","","","","","","","","","","","","","",""
"2025-12-16 05:11:49","7.1","/data/T1w_seg.nii.gz","286","17","","","","","","","","","","","","","","","","","",""
"2025-12-16 05:11:49","7.1","/data/T1w_seg.nii.gz","287","17","","","","","","","","","","","","","","","","","",""
"2025-12-16 05:11:49","7.1","/data/T1w_seg.nii.gz","288","17","","","","","","","","","","","","","","","","","",""
"2025-12-16 05:11:49","7.1","/data/T1w_seg.nii.gz","289","17","","","","","","","","","","","","","","","","","",""
"2025-12-16 05:11:49","7.1","/data/T1w_seg.nii.gz","290","16","","","","","","","","","","","","","","","","","",""
"2025-12-16 05:11:49","7.1","/data/T1w_seg.nii.gz","291","16","","","","","","","","","","","","","","","","","",""
"2025-12-16 05:11:49","7.1","/data/T1w_seg.nii.gz","292","16","","","","","","","","","","","","","","","","","",""
"2025-12-16 05:11:49","7.1","/data/T1w_seg.nii.gz","293","16","","","","","","","","","","","","","","","","","",""
"2025-12-16 05:11:49","7.1","/data/T1w_seg.nii.gz","294","16","","","","","","","","","","","","","","","","","",""
"2025-12-16 05:11:49","7.1","/data/T1w_seg.nii.gz","295","16","","","","","","","","","","","","","","","","","",""
"2025-12-16 05:11:49","7.1","/data/T1w_seg.nii.gz","296","16","","","","","","","","","","","","","","","","","",""
"2025-12-16 05:11:49","7.1","/data/T1w_seg.nii.gz","297","16","","","","","","","","","","","","","","","","","",""
"2025-12-16 05:11:49","7.1","/data/T1w_seg.nii.gz","298","16","","","","","","","","","","","","","","","","","",""
"2025-12-16 05:11:49","7.1","/data/T1w_seg.nii.gz","299","16","","","","","","","","","","","","","","","","","",""
"2025-12-16 05:11:49","7.1","/data/T1w_seg.nii.gz","300","16","","","","","","","","","","","","","","","","","",""
"2025-12-16 05:11:49","7.1","/data/T1w_seg.nii.gz","301","16","","","","","","","","","","","","","","","","","",""
"2025-12-16 05:11:49","7.1","/data/T1w_seg.nii.gz","302","16","","","","","","","","","","","","","","","","","",""
"2025-12-16 05:11:49","7.1","/data/T1w_seg.nii.gz","303","16","","","","","","","","","","","","","","","","","",""
"2025-12-16 05:11:49","7.1","/data/T1w_seg.nii.gz","304","16","","","","","","","","","","","","","","","","","",""
"2025-12-16 05:11:49","7.1","/data/T1w_seg.nii.gz","305","16","","","","","","","","","","","","","","","","","",""
"2025-12-16 05:11:49","7.1","/data/T1w_seg.nii.gz","306","16","","","","","","","","","","","","","","","","","",""
"2025-12-16 05:11:49","7.1","/data/T1w_seg.nii.gz","307","16","","","","","","","","","","","","","","","","","",""
"2025-12-16 05:11:49","7.1","/data/T1w_seg.nii.gz","308","16","","","","","","","","","","","","","","","","","",""
"2025-12-16 05:11:49","7.1","/data/T1w_seg.nii.gz","309","16","","","","","","","","","","","","","","","","","",""
"2025-12-16 05:11:49","7.1","/data/T1w_seg.nii.gz","310","16","","","","","","","","","","","","","","","","","",""
"2025-12-16 05:11:49","7.1","/data/T1w_seg.nii.gz","311","16","","","","","","","","","","","","","","","","","",""
"2025-12-16 05:11:49","7.1","/data/T1w_seg.nii.gz","312","16","","","","","","","","","","","","","","","","","",""
"2025-12-16 05:11:49","7.1","/data/T1w_seg.nii.gz","313","16","","","","","","","","","","","","","","","","","",""
"2025-12-16 05:11:49","7.1","/data/T1w_seg.nii.gz","314","16","","","","","","","","","","","","","","","","","",""
"2025-12-16 05:11:49","7.1","/data/T1w_seg.nii.gz","315","16","","","","","","","","","","","","","","","","","",""
"2025-12-16 05:11:49","7.1","/data/T1w_seg.nii.gz","316","16","","","","","","","","","","","","","","","","","",""
"2025-12-16 05:11:49","7.1","/data/T1w_seg.nii.gz","317","16","","","","","","","","","","","","","","","","","",""
"2025-12-16 05:11:49","7.1","/data/T1w_seg.nii.gz","318","16","","","","","","","","","","","","","","","","","",""
"2025-12-16 05:11:49","7.1","/data/T1w_seg.nii.gz","319","16","","","","","","","","","","","","","","","","","",""
"2025-12-16 05:11:49","7.1","/data/T1w_seg.nii.gz","320","16","","","","","","","","","","","","","","","","","",""
"2025-12-16 05:11:49","7.1","/data/T1w_seg.nii.gz","321","16","","","","","","","","","","","","","","","","","",""
"2025-12-16 05:11:49","7.1","/data/T1w_seg.nii.gz","322","16","","","","","","","","","","","","","","","","","",""
"2025-12-16 05:11:49","7.1","/data/T1w_seg.nii.gz","323","16","","","","","","","","","","","","","","","","","",""
"2025-12-16 05:11:49","7.1","/data/T1w_seg.nii.gz","324","16","","","","","","","","","","","","","","","","","",""
"2025-12-16 05:11:49","7.1","/data/T1w_seg.nii.gz","325","16","","","","","","","","","","","","","","","","","",""
"2025-12-16 05:11:49","7.1","/data/T1w_seg.nii.gz","326","16","","","","","","","","","","","","","","","","","",""
"2025-12-16 05:11:49","7.1","/data/T1w_seg.nii.gz","327","16","","","","","","","","","","","","","","","","","",""
"2025-12-16 05:11:49","7.1","/data/T1w_seg.nii.gz","328","16","","","","","","","","","","","","","","","","","",""
"2025-12-16 05:11:49","7.1","/data/T1w_seg.nii.gz","329","16","","","","","","","","","","","","","","","","","",""
"2025-12-16 05:11:49","7.1","/data/T1w_seg.nii.gz","330","16","","","","","","","","","","","","","","","","","",""
"2025-12-16 05:11:49","7.1","/data/T1w_seg.nii.gz","331","16","","","","","","","","","","","","","","","","","",""
"2025-12-16 05:11:49","7.1","/data/T1w_seg.nii.gz","332","16","","","","","","","","","","","","","","","","","",""
"2025-12-16 05:11:49","7.1","/data/T1w_seg.nii.gz","333","16","","","","","","","","","","","","","","","","","",""
"2025-12-16 05:11:49","7.1","/data/T1w_seg.nii.gz","334","16","","","","","","","","","","","","","","","","","",""
"2025-12-16 05:11:49","7.1","/data/T1w_seg.nii.gz","335","16","","","","","","","","","","","","","","","","","",""
"2025-12-16 05:11:49","7.1","/data/T1w_seg.nii.gz","336","16","","","","","","","","","","","","","","","","","",""
"2025-12-16 05:11:49","7.1","/data/T1w_seg.nii.gz","337","16","","","","","","","","","","","","","","","","","",""
"2025-12-16 05:11:49","7.1","/data/T1w_seg.nii.gz","338","16","","","","","","","","","","","","","","","","","",""
"2025-12-16 05:11:49","7.1","/data/T1w_seg.nii.gz","339","16","","","","","","","","","","","","","","","","","",""
"2025-12-16 05:11:49","7.1","/data/T1w_seg.nii.gz","340","16","","","","","","","","","","","","","","","","","",""
"2025-12-16 05:11:49","7.1","/data/T1w_seg.nii.gz","341","16","","","","","","","","","","","","","","","","","",""
"2025-12-16 05:11:49","7.1","/data/T1w_seg.nii.gz","342","16","","","","","","","","","","","","","","","","","",""
"2025-12-16 05:11:49","7.1","/data/T1w_seg.nii.gz","343","15","","","","","","","","","","","","","","","","","",""
"2025-12-16 05:11:49","7.1","/data/T1w_seg.nii.gz","344","15","","","","","","","","","","","","","","","","","",""
"2025-12-16 05:11:49","7.1","/data/T1w_seg.nii.gz","345","15","","","","","","","","","","","","","","","","","",""
"2025-12-16 05:11:49","7.1","/data/T1w_seg.nii.gz","346","15","","","","","","","","","","","","","","","","","",""
"2025-12-16 05:11:49","7.1","/data/T1w_seg.nii.gz","347","15","","","","","","","","","","","","","","","","","",""
"2025-12-16 05:11:49","7.1","/data/T1w_seg.nii.gz","348","15","","","","","","","","","","","","","","","","","",""
"2025-12-16 05:11:49","7.1","/data/T1w_seg.nii.gz","349","15","","","","","","","","","","","","","","","","","",""
"2025-12-16 05:11:49","7.1","/data/T1w_seg.nii.gz","350","15","","","","","","","","","","","","","","","","","",""
"2025-12-16 05:11:49","7.1","/data/T1w_seg.nii.gz","351","15","","","","","","","","","","","","","","","","","",""
"2025-12-16 05:11:49","7.1","/data/T1w_seg.nii.gz","352","15","","","","","","","","","","","","","","","","","",""
"2025-12-16 05:11:49","7.1","/data/T1w_seg.nii.gz","353","15","","","","","","","","","","","","","","","","","",""
"2025-12-16 05:11:49","7.1","/data/T1w_seg.nii.gz","354","15","","","","","","","","","","","","","","","","","",""
"2025-12-16 05:11:49","7.1","/data/T1w_seg.nii.gz","355","15","","","","","","","","","","","","","","","","","",""
"2025-12-16 05:11:49","7.1","/data/T1w_seg.nii.gz","356","15","","","","","","","","","","","","","","","","","",""
"2025-12-16 05:11:49","7.1","/data/T1w_seg.nii.gz","357","15","","","","","","","","","","","","","","","","","",""
"2025-12-16 05:11:49","7.1","/data/T1w_seg.nii.gz","358","15","","","","","","","","","","","","","","","","","",""
"2025-12-16 05:11:49","7.1","/data/T1w_seg.nii.gz","359","15","","","","","","","","","","","","","","","","","",""
"2025-12-16 05:11:49","7.1","/data/T1w_seg.nii.gz","360","15","","","","","","","","","","","","","","","","","",""
"2025-12-16 05:11:49","7.1","/data/T1w_seg.nii.gz","361","15","","","","","","","","","","","","","","","","","",""
"2025-12-16 05:11:49","7.1","/data/T1w_seg.nii.gz","362","15","","","","","","","","","","","","","","","","","",""
"2025-12-16 05:11:49","7.1","/data/T1w_seg.nii.gz","363","15","","","","","","","","","","","","","","","","","",""
"2025-12-16 05:11:49","7.1","/data/T1w_seg.nii.gz","364","15","","","","","","","","","","","","","","","","","",""
"2025-12-16 05:11:49","7.1","/data/T1w_seg.nii.gz","365","15","","","","","","","","","","","","","","","","","",""
"2025-12-16 05:11:49","7.1","/data/T1w_seg.nii.gz","366","15","","","","","","","","","","","","","","","","","",""
"2025-12-16 05:11:49","7.1","/data/T1w_seg.nii.gz","367","15","","","","","","","","","","","","","","","","","",""
"2025-12-16 05:11:49","7.1","/data/T1w_seg.nii.gz","368","15","","","","","","","","","","","","","","","","","",""
"2025-12-16 05:11:49","7.1","/data/T1w_seg.nii.gz","369","15","","","","","","","","","","","","","","","","","",""
"2025-12-16 05:11:49","7.1","/data/T1w_seg.nii.gz","370","15","","","","","","","","","","","","","","","","","",""
"2025-12-16 05:11:49","7.1","/data/T1w_seg.nii.gz","371","15","","","","","","","","","","","","","","","","","",""
"2025-12-16 05:11:49","7.1","/data/T1w_seg.nii.gz","372","15","","","","","","","","","","","","","","","","","",""
"2025-12-16 05:11:49","7.1","/data/T1w_seg.nii.gz","373","15","","","","","","","","","","","","","","","","","",""
"2025-12-16 05:11:49","7.1","/data/T1w_seg.nii.gz","374","15","","","","","","","","","","","","","","","","","",""
"2025-12-16 05:11:49","7.1","/data/T1w_seg.nii.gz","375","15","","","","","","","","","","","","","","","","","",""
"2025-12-16 05:11:49","7.1","/data/T1w_seg.nii.gz","376","15","","","","","","","","","","","","","","","","","",""
"2025-12-16 05:11:49","7.1","/data/T1w_seg.nii.gz","377","15","","","","","","","","","","","","","","","","","",""
"2025-12-16 05:11:49","7.1","/data/T1w_seg.nii.gz","378","15","","","","","","","","","","","","","","","","","",""
"2025-12-16 05:11:49","7.1","/data/T1w_seg.nii.gz","379","15","","","","","","","","","","","","","","","","","",""
"2025-12-16 05:11:49","7.1","/data/T1w_seg.nii.gz","380","15","","","","","","","","","","","","","","","","","",""
"2025-12-16 05:11:49","7.1","/data/T1w_seg.nii.gz","381","15","","","","","","","","","","","","","","","","","",""
"2025-12-16 05:11:49","7.1","/data/T1w_seg.nii.gz","382","15","","","","","","","","","","","","","","","","","",""
"2025-12-16 05:11:49","7.1","/data/T1w_seg.nii.gz","383","15","","","","","","","","","","","","","","","","","",""
"2025-12-16 05:11:49","7.1","/data/T1w_seg.nii.gz","384","15","","","","","","","","","","","","","","","","","",""
"2025-12-16 05:11:49","7.1","/data/T1w_seg.nii.gz","385","15","","","","","","","","","","","","","","","","","",""
"2025-12-16 05:11:49","7.1","/data/T1w_seg.nii.gz","386","15","","","","","","","","","","","","","","","","","",""
"2025-12-16 05:11:49","7.1","/data/T1w_seg.nii.gz","387","15","","","","","","","","","","","","","","","","","",""
"2025-12-16 05:11:49","7.1","/data/T1w_seg.nii.gz","388","15","","","","","","","","","","","","","","","","","",""
"2025-12-16 05:11:49","7.1","/data/T1w_seg.nii.gz","389","15","","","","","","","","","","","","","","","","","",""
"2025-12-16 05:11:49","7.1","/data/T1w_seg.nii.gz","390","15","","","","","","","","","","","","","","","","","",""
"2025-12-16 05:11:49","7.1","/data/T1w_seg.nii.gz","391","15","","","","","","","","","","","","","","","","","",""
"2025-12-16 05:11:49","7.1","/data/T1w_seg.nii.gz","392","15","","","","","","","","","","","","","","","","","",""
"2025-12-16 05:11:49","7.1","/data/T1w_seg.nii.gz","393","15","","","","","","","","","","","","","","","","","",""
"2025-12-16 05:11:49","7.1","/data/T1w_seg.nii.gz","394","15","","","","","","","","","","","","","","","","","",""
"2025-12-16 05:11:49","7.1","/data/T1w_seg.nii.gz","395","15","","","","","","","","","","","","","","","","","",""
"2025-12-16 05:11:49","7.1","/data/T1w_seg.nii.gz","396","15","","","","","","","","","","","","","","","","","",""
"2025-12-16 05:11:49","7.1","/data/T1w_seg.nii.gz","397","14","","","","","","","","","","","","","","","","","",""
"2025-12-16 05:11:49","7.1","/data/T1w_seg.nii.gz","398","14","","","","","","","","","","","","","","","","","",""
"2025-12-16 05:11:49","7.1","/data/T1w_seg.nii.gz","399","14","","","","","","","","","","","","","","","","","",""
"2025-12-16 05:11:49","7.1","/data/T1w_seg.nii.gz","400","14","","","","","","","","","","","","","","","","","",""
"2025-12-16 05:11:49","7.1","/data/T1w_seg.nii.gz","401","14","","","","","","","","","","","","","","","","","",""
"2025-12-16 05:11:49","7.1","/data/T1w_seg.nii.gz","402","14","","","","","","","","","","","","","","","","","",""
"2025-12-16 05:11:49","7.1","/data/T1w_seg.nii.gz","403","14","","","","","","","","","","","","","","","","","",""
"2025-12-16 05:11:49","7.1","/data/T1w_seg.nii.gz","404","14","","","","","","","","","","","","","","","","","",""
"2025-12-16 05:11:49","7.1","/data/T1w_seg.nii.gz","405","14","","","","","","","","","","","","","","","","","",""
"2025-12-16 05:11:49","7.1","/data/T1w_seg.nii.gz","406","14","","","","","","","","","","","","","","","","","",""
"2025-12-16 05:11:49","7.1","/data/T1w_seg.nii.gz","407","14","","","","","","","","","","","","","","","","","",""
"2025-12-16 05:11:49","7.1","/data/T1w_seg.nii.gz","408","14","","","","","","","","","","","","","","","","","",""
"2025-12-16 05:11:49","7.1","/data/T1w_seg.nii.gz","409","14","","","","","","","","","","","","","","","","","",""
"2025-12-16 05:11:49","7.1","/data/T1w_seg.nii.gz","410","14","","","","","","","","","","","","","","","","","",""
"2025-12-16 05:11:49","7.1","/data/T1w_seg.nii.gz","411","14","","","","","","","","","","","","","","","","","",""
"2025-12-16 05:11:49","7.1","/data/T1w_seg.nii.gz","412","14","","","","","","","","","","","","","","","","","",""
"2025-12-16 05:11:49","7.1","/data/T1w_seg.nii.gz","413","14","","","","","","","","","","","","","","","","","",""
"2025-12-16 05:11:49","7.1","/data/T1w_seg.nii.gz","414","14","","","","","","","","","","","","","","","","","",""
"2025-12-16 05:11:49","7.1","/data/T1w_seg.nii.gz","415","14","","","","","","","","","","","","","","","","","",""
"2025-12-16 05:11:49","7.1","/data/T1w_seg.nii.gz","416","14","","","","","","","","","","","","","","","","","",""
"2025-12-16 05:11:49","7.1","/data/T1w_seg.nii.gz","417","14","","","","","","","","","","","","","","","","","",""
"2025-12-16 05:11:49","7.1","/data/T1w_seg.nii.gz","418","14","","","","","","","","","","","","","","","","","",""
"2025-12-16 05:11:49","7.1","/data/T1w_seg.nii.gz","419","14","","","","","","","","","","","","","","","","","",""
"2025-12-16 05:11:49","7.1","/data/T1w_seg.nii.gz","420","14","","","","","","","","","","","","","","","","","",""
"2025-12-16 05:11:49","7.1","/data/T1w_seg.nii.gz","421","14","","","","","","","","","","","","","","","","","",""
"2025-12-16 05:11:49","7.1","/data/T1w_seg.nii.gz","422","14","","","","","","","","","","","","","","","","","",""
"2025-12-16 05:11:49","7.1","/data/T1w_seg.nii.gz","423","14","","","","","","","","","","","","","","","","","",""
"2025-12-16 05:11:49","7.1","/data/T1w_seg.nii.gz","424","14","","","","","","","","","","","","","","","","","",""
"2025-12-16 05:11:49","7.1","/data/T1w_seg.nii.gz","425","14","","","","","","","","","","","","","","","","","",""
"2025-12-16 05:11:49","7.1","/data/T1w_seg.nii.gz","426","14","","","","","","","","","","","","","","","","","",""
"2025-12-16 05:11:49","7.1","/data/T1w_seg.nii.gz","427","14","","","","","","","","","","","","","","","","","",""
"2025-12-16 05:11:49","7.1","/data/T1w_seg.nii.gz","428","14","","","","","","","","","","","","","","","","","",""
"2025-12-16 05:11:49","7.1","/data/T1w_seg.nii.gz","429","14","","","","","","","","","","","","","","","","","",""
"2025-12-16 05:11:49","7.1","/data/T1w_seg.nii.gz","430","14","","","","","","","","","","","","","","","","","",""
"2025-12-16 05:11:49","7.1","/data/T1w_seg.nii.gz","431","14","","","","","","","","","","","","","","","","","",""
"2025-12-16 05:11:49","7.1","/data/T1w_seg.nii.gz","432","14","","","","","","","","","","","","","","","","","",""
"2025-12-16 05:11:49","7.1","/data/T1w_seg.nii.gz","433","14","","","","","","","","","","","","","","","","","",""
"2025-12-16 05:11:49","7.1","/data/T1w_seg.nii.gz","434","14","","","","","","","","","","","","","","","","","",""
"2025-12-16 05:11:49","7.1","/data/T1w_seg.nii.gz","435","14","","","","","","","","","","","","","","","","","",""
"2025-12-16 05:11:49","7.1","/data/T1w_seg.nii.gz","436","14","","","","","","","","","","","","","","","","","",""
"2025-12-16 05:11:49","7.1","/data/T1w_seg.nii.gz","437","14","","","","","","","","","","","","","","","","","",""
"2025-12-16 05:11:49","7.1","/data/T1w_seg.nii.gz","438","14","","","","","","","","","","","","","","","","","",""
"2025-12-16 05:11:49","7.1","/data/T1w_seg.nii.gz","439","14","","","","","","","","","","","","","","","","","",""
"2025-12-16 05:11:49","7.1","/data/T1w_seg.nii.gz","440","14","","","","","","","","","","","","","","","","","",""
"2025-12-16 05:11:49","7.1","/data/T1w_seg.nii.gz","441","14","","","","","","","","","","","","","","","","","",""
"2025-12-16 05:11:49","7.1","/data/T1w_seg.nii.gz","442","14","","","","","","","","","","","","","","","","","",""
"2025-12-16 05:11:49","7.1","/data/T1w_seg.nii.gz","443","14","","","","","","","","","","","","","","","","","",""
"2025-12-16 05:11:49","7.1","/data/T1w_seg.nii.gz","444","14","","","","","","","","","","","","","","","","","",""
"2025-12-16 05:11:49","7.1","/data/T1w_seg.nii.gz","445","14","","","","","","","","","","","","","","","","","",""
"2025-12-16 05:11:49","7.1","/data/T1w_seg.nii.gz","446","14","","","","","","","","","","","","","","","","","",""
"2025-12-16 05:11:49","7.1","/data/T1w_seg.nii.gz","447","14","","","","","","","","","","","","","","","","","",""
"2025-12-16 05:11:49","7.1","/data/T1w_seg.nii.gz","448","14","","","","","","","","","","","","","","","","","",""
"2025-12-16 05:11:49","7.1","/data/T1w_seg.nii.gz","449","14","","","","","","","","","","","","","","","","","",""
"2025-12-16 05:11:49","7.1","/data/T1w_seg.nii.gz","450","13","","","","","","","","","","","","","","","","","",""
"2025-12-16 05:11:49","7.1","/data/T1w_seg.nii.gz","451","13","","","","","","","","","","","","","","","","","",""
"2025-12-16 05:11:49","7.1","/data/T1w_seg.nii.gz","452","13","","","","","","","","","","","","","","","","","",""
"2025-12-16 05:11:49","7.1","/data/T1w_seg.nii.gz","453","13","","","","","","","","","","","","","","","","","",""
"2025-12-16 05:11:49","7.1","/data/T1w_seg.nii.gz","454","13","","","","","","","","","","","","","","","","","",""
"2025-12-16 05:11:49","7.1","/data/T1w_seg.nii.gz","455","13","","","","","","","","","","","","","","","","","",""
"2025-12-16 05:11:49","7.1","/data/T1w_seg.nii.gz","456","13","","","","","","","","","","","","","","","","","",""
"2025-12-16 05:11:49","7.1","/data/T1w_seg.nii.gz","457","13","","","","","","","","","","","","","","","","","",""
"2025-12-16 05:11:49","7.1","/data/T1w_seg.nii.gz","458","13","","","","","","","","","","","","","","","","","",""
"2025-12-16 05:11:49","7.1","/data/T1w_seg.nii.gz","459","13","","","","","","","","","","","","","","","","","",""
"2025-12-16 05:11:49","7.1","/data/T1w_seg.nii.gz","460","13","","","","","","","","","","","","","","","","","",""
"2025-12-16 05:11:49","7.1","/data/T1w_seg.nii.gz","461","13","","","","","","","","","","","","","","","","","",""
"2025-12-16 05:11:49","7.1","/data/T1w_seg.nii.gz","462","13","","","","","","","","","","","","","","","","","",""
"2025-12-16 05:11:49","7.1","/data/T1w_seg.nii.gz","463","13","","","","","","","","","","","","","","","","","",""
"2025-12-16 05:11:49","7.1","/data/T1w_seg.nii.gz","464","13","","","","","","","","","","","","","","","","","",""
"2025-12-16 05:11:49","7.1","/data/T1w_seg.nii.gz","465","13","","","","","","","","","","","","","","","","","",""
"2025-12-16 05:11:49","7.1","/data/T1w_seg.nii.gz","466","13","","","","","","","","","","","","","","","","","",""
"2025-12-16 05:11:49","7.1","/data/T1w_seg.nii.gz","467","13","","","","","","","","","","","","","","","","","",""
"2025-12-16 05:11:49","7.1","/data/T1w_seg.nii.gz","468","13","","","","","","","","","","","","","","","","","",""
"2025-12-16 05:11:49","7.1","/data/T1w_seg.nii.gz","469","13","","","","","","","","","","","","","","","","","",""
"2025-12-16 05:11:49","7.1","/data/T1w_seg.nii.gz","470","13","","","","","","","","","","","","","","","","","",""
"2025-12-16 05:11:49","7.1","/data/T1w_seg.nii.gz","471","13","","","","","","","","","","","","","","","","","",""
"2025-12-16 05:11:49","7.1","/data/T1w_seg.nii.gz","472","13","","","","","","","","","","","","","","","","","",""
"2025-12-16 05:11:49","7.1","/data/T1w_seg.nii.gz","473","13","","","","","","","","","","","","","","","","","",""
"2025-12-16 05:11:49","7.1","/data/T1w_seg.nii.gz","474","13","","","","","","","","","","","","","","","","","",""
"2025-12-16 05:11:49","7.1","/data/T1w_seg.nii.gz","475","13","","","","","","","","","","","","","","","","","",""
"2025-12-16 05:11:49","7.1","/data/T1w_seg.nii.gz","476","13","","","","","","","","","","","","","","","","","",""
"2025-12-16 05:11:49","7.1","/data/T1w_seg.nii.gz","477","13","","","","","","","","","","","","","","","","","",""
"2025-12-16 05:11:49","7.1","/data/T1w_seg.nii.gz","478","13","","","","","","","","","","","","","","","","","",""
"2025-12-16 05:11:49","7.1","/data/T1w_seg.nii.gz","479","13","","","","","","","","","","","","","","","","","",""
"2025-12-16 05:11:49","7.1","/data/T1w_seg.nii.gz","480","13","","","","","","","","","","","","","","","","","",""
"2025-12-16 05:11:49","7.1","/data/T1w_seg.nii.gz","481","13","","","","","","","","","","","","","","","","","",""
"2025-12-16 05:11:49","7.1","/data/T1w_seg.nii.gz","482","13","","","","","","","","","","","","","","","","","",""
"2025-12-16 05:11:49","7.1","/data/T1w_seg.nii.gz","483","13","","","","","","","","","","","","","","","","","",""
"2025-12-16 05:11:49","7.1","/data/T1w_seg.nii.gz","484","13","","","","","","","","","","","","","","","","","",""
"2025-12-16 05:11:49","7.1","/data/T1w_seg.nii.gz","485","13","","","","","","","","","","","","","","","","","",""
"2025-12-16 05:11:49","7.1","/data/T1w_seg.nii.gz","486","13","","","","","","","","","","","","","","","","","",""
"2025-12-16 05:11:49","7.1","/data/T1w_seg.nii.gz","487","13","","","","","","","","","","","","","","","","","",""
"2025-12-16 05:11:49","7.1","/data/T1w_seg.nii.gz","488","13","","","","","","","","","","","","","","","","","",""
"2025-12-16 05:11:49","7.1","/data/T1w_seg.nii.gz","489","13","","","","","","","","","","","","","","","","","",""
"2025-12-16 05:11:49","7.1","/data/T1w_seg.nii.gz","490","13","","","","","","","","","","","","","","","","","",""
"2025-12-16 05:11:49","7.1","/data/T1w_seg.nii.gz","491","13","","","","","","","","","","","","","","","","","",""
"2025-12-16 05:11:49","7.1","/data/T1w_seg.nii.gz","492","13","","","","","","","","","","","","","","","","","",""
"2025-12-16 05:11:49","7.1","/data/T1w_seg.nii.gz","493","13","","","","","","","","","","","","","","","","","",""
"2025-12-16 05:11:49","7.1","/data/T1w_seg.nii.gz","494","13","","","","","","","","","","","","","","","","","",""
"2025-12-16 05:11:49","7.1","/data/T1w_seg.nii.gz","495","13","","","","","","","","","","","","","","","","","",""
"2025-12-16 05:11:49","7.1","/data/T1w_seg.nii.gz","496","13","","","","","","","","","","","","","","","","","",""
"2025-12-16 05:11:49","7.1","/data/T1w_seg.nii.gz","497","13","","","","","","","","","","","","","","","","","",""
"2025-12-16 05:11:49","7.1","/data/T1w_seg.nii.gz","498","13","","","","","","","","","","","","","","","","","",""
"2025-12-16 05:11:49","7.1","/data/T1w_seg.nii.gz","499","13","","","","","","","","","","","","","","","","","",""
"2025-12-16 05:11:49","7.1","/data/T1w_seg.nii.gz","500","13","","","","","","","","","","","","","","","","","",""
"2025-12-16 05:11:49","7.1","/data/T1w_seg.nii.gz","501","12","","","","","","","","","","","","","","","","","",""
"2025-12-16 05:11:49","7.1","/data/T1w_seg.nii.gz","502","12","","","","","","","","","","","","","","","","","",""
"2025-12-16 05:11:49","7.1","/data/T1w_seg.nii.gz","503","12","","","","","","","","","","","","","","","","","",""
"2025-12-16 05:11:49","7.1","/data/T1w_seg.nii.gz","504","12","","","","","","","","","","","","","","","","","",""
"2025-12-16 05:11:49","7.1","/data/T1w_seg.nii.gz","505","12","","","","","","","","","","","","","","","","","",""
"2025-12-16 05:11:49","7.1","/data/T1w_seg.nii.gz","506","12","","","","","","","","","","","","","","","","","",""
"2025-12-16 05:11:49","7.1","/data/T1w_seg.nii.gz","507","12","","","","","","","","","","","","","","","","","",""
"2025-12-16 05:11:49","7.1","/data/T1w_seg.nii.gz","508","12","","","","","","","","","","","","","","","","","",""
"2025-12-16 05:11:49","7.1","/data/T1w_seg.nii.gz","509","12","","","","","","","","","","","","","","","","","",""
"2025-12-16 05:11:49","7.1","/data/T1w_seg.nii.gz","510","12","","","","","","","","","","","","","","","","","",""
"2025-12-16 05:11:49","7.1","/data/T1w_seg.nii.gz","511","12","","","","","","","","","","","","","","","","","",""
"2025-12-16 05:11:49","7.1","/data/T1w_seg.nii.gz","512","12","","","","","","","","","","","","","","","","","",""
"2025-12-16 05:11:49","7.1","/data/T1w_seg.nii.gz","513","12","","","","","","","","","","","","","","","","","",""
"2025-12-16 05:11:49","7.1","/data/T1w_seg.nii.gz","514","12","","","","","","","","","","","","","","","","","",""
"2025-12-16 05:11:49","7.1","/data/T1w_seg.nii.gz","515","12","","","","","","","","","","","","","","","","","",""
"2025-12-16 05:11:49","7.1","/data/T1w_seg.nii.gz","516","12","","","","","","","","","","","","","","","","","",""
"2025-12-16 05:11:49","7.1","/data/T1w_seg.nii.gz","517","12","","","","","","","","","","","","","","","","","",""
"2025-12-16 05:11:49","7.1","/data/T1w_seg.nii.gz","518","12","","","","","","","","","","","","","","","","","",""
"2025-12-16 05:11:49","7.1","/data/T1w_seg.nii.gz","519","12","","","","","","","","","","","","","","","","","",""
"2025-12-16 05:11:49","7.1","/data/T1w_seg.nii.gz","520","12","","","","","","","","","","","","","","","","","",""
"2025-12-16 05:11:49","7.1","/data/T1w_seg.nii.gz","521","12","","","","","","","","","","","","","","","","","",""
"2025-12-16 05:11:49","7.1","/data/T1w_seg.nii.gz","522","12","","","","","","","","","","","","","","","","","",""
"2025-12-16 05:11:49","7.1","/data/T1w_seg.nii.gz","523","12","","","","","","","","","","","","","","","","","",""
"2025-12-16 05:11:49","7.1","/data/T1w_seg.nii.gz","524","12","","","","","","","","","","","","","","","","","",""
"2025-12-16 05:11:49","7.1","/data/T1w_seg.nii.gz","525","12","","","","","","","","","","","","","","","","","",""
"2025-12-16 05:11:49","7.1","/data/T1w_seg.nii.gz","526","12","","","","","","","","","","","","","","","","","",""
"2025-12-16 05:11:49","7.1","/data/T1w_seg.nii.gz","527","12","","","","","","","","","","","","","","","","","",""
"2025-12-16 05:11:49","7.1","/data/T1w_seg.nii.gz","528","12","","","","","","","","","","","","","","","","","",""
"2025-12-16 05:11:49","7.1","/data/T1w_seg.nii.gz","529","12","","","","","","","","","","","","","","","","","",""
"2025-12-16 05:11:49","7.1","/data/T1w_seg.nii.gz","530","12","","","","","","","","","","","","","","","","","",""
"2025-12-16 05:11:49","7.1","/data/T1w_seg.nii.gz","531","12","","","","","","","","","","","","","","","","","",""
"2025-12-16 05:11:49","7.1","/data/T1w_seg.nii.gz","532","12","","","","","","","","","","","","","","","","","",""
"2025-12-16 05:11:49","7.1","/data/T1w_seg.nii.gz","533","12","","","","","","","","","","","","","","","","","",""
"2025-12-16 05:11:49","7.1","/data/T1w_seg.nii.gz","534","12","","","","","","","","","","","","","","","","","",""
"2025-12-16 05:11:49","7.1","/data/T1w_seg.nii.gz","535","12","","","","","","","","","","","","","","","","","",""
"2025-12-16 05:11:49","7.1","/data/T1w_seg.nii.gz","536","12","","","","","","","","","","","","","","","","","",""
"2025-12-16 05:11:49","7.1","/data/T1w_seg.nii.gz","537","12","","","","","","","","","","","","","","","","","",""
"2025-12-16 05:11:49","7.1","/data/T1w_seg.nii.gz","538","12","","","","","","","","","","","","","","","","","",""
"2025-12-16 05:11:49","7.1","/data/T1w_seg.nii.gz","539","12","","","","","","","","","","","","","","","","","",""
"2025-12-16 05:11:49","7.1","/data/T1w_seg.nii.gz","540","12","","","","","","","","","","","","","","","","","",""
"2025-12-16 05:11:49","7.1","/data/T1w_seg.nii.gz","541","12","","","","","","","","","","","","","","","","","",""
"2025-12-16 05:11:49","7.1","/data/T1w_seg.nii.gz","542","12","","","","","","","","","","","","","","","","","",""
"2025-12-16 05:11:49","7.1","/data/T1w_seg.nii.gz","543","12","","","","","","","","","","","","","","","","","",""
"2025-12-16 05:11:49","7.1","/data/T1w_seg.nii.gz","544","12","","","","","","","","","","","","","","","","","",""
"2025-12-16 05:11:49","7.1","/data/T1w_seg.nii.gz","545","12","","","","","","","","","","","","","","","","","",""
"2025-12-16 05:11:49","7.1","/data/T1w_seg.nii.gz","546","12","","","","","","","","","","","","","","","","","",""
"2025-12-16 05:11:49","7.1","/data/T1w_seg.nii.gz","547","12","","","","","","","","","","","","","","","","","",""
"2025-12-16 05:11:49","7.1","/data/T1w_seg.nii.gz","548","12","","","","","","","","","","","","","","","","","",""
"2025-12-16 05:11:49","7.1","/data/T1w_seg.nii.gz","549","12","","","","","","","","","","","","","","","","","",""
"2025-12-16 05:11:49","7.1","/data/T1w_seg.nii.gz","550","12","","","","","","","","","","","","","","","","","",""
"2025-12-16 05:11:49","7.1","/data/T1w_seg.nii.gz","551","12","","","","","","","","","","","","","","","","","",""
"2025-12-16 05:11:49","7.1","/data/T1w_seg.nii.gz","552","11","","","","","","","","","","","","","","","","","",""
"2025-12-16 05:11:49","7.1","/data/T1w_seg.nii.gz","553","11","","","","","","","","","","","","","","","","","",""
"2025-12-16 05:11:49","7.1","/data/T1w_seg.nii.gz","554","11","","","","","","","","","","","","","","","","","",""
"2025-12-16 05:11:49","7.1","/data/T1w_seg.nii.gz","555","11","","","","","","","","","","","","","","","","","",""
"2025-12-16 05:11:49","7.1","/data/T1w_seg.nii.gz","556","11","","","","","","","","","","","","","","","","","",""
"2025-12-16 05:11:49","7.1","/data/T1w_seg.nii.gz","557","11","","","","","","","","","","","","","","","","","",""
"2025-12-16 05:11:49","7.1","/data/T1w_seg.nii.gz","558","11","","","","","","","","","","","","","","","","","",""
"2025-12-16 05:11:49","7.1","/data/T1w_seg.nii.gz","559","11","","","","","","","","","","","","","","","","","",""
"2025-12-16 05:11:49","7.1","/data/T1w_seg.nii.gz","560","11","","","","","","","","","","","","","","","","","",""
"2025-12-16 05:11:49","7.1","/data/T1w_seg.nii.gz","561","11","","","","","","","","","","","","","","","","","",""
"2025-12-16 05:11:49","7.1","/data/T1w_seg.nii.gz","562","11","","","","","","","","","","","","","","","","","",""
"2025-12-16 05:11:49","7.1","/data/T1w_seg.nii.gz","563","11","","","","","","","","","","","","","","","","","",""
"2025-12-16 05:11:49","7.1","/data/T1w_seg.nii.gz","564","11","","","","","","","","","","","","","","","","","",""
"2025-12-16 05:11:49","7.1","/data/T1w_seg.nii.gz","565","11","","","","","","","","","","","","","","","","","",""
"2025-12-16 05:11:49","7.1","/data/T1w_seg.nii.gz","566","11","","","","","","","","","","","","","","","","","",""
"2025-12-16 05:11:49","7.1","/data/T1w_seg.nii.gz","567","11","","","","","","","","","","","","","","","","","",""
"2025-12-16 05:11:49","7.1","/data/T1w_seg.nii.gz","568","11","","","","","","","","","","","","","","","","","",""
"2025-12-16 05:11:49","7.1","/data/T1w_seg.nii.gz","569","11","","","","","","","","","","","","","","","","","",""
"2025-12-16 05:11:49","7.1","/data/T1w_seg.nii.gz","570","11","","","","","","","","","","","","","","","","","",""
"2025-12-16 05:11:49","7.1","/data/T1w_seg.nii.gz","571","11","","","","","","","","","","","","","","","","","",""
"2025-12-16 05:11:49","7.1","/data/T1w_seg.nii.gz","572","11","","","","","","","","","","","","","","","","","",""
"2025-12-16 05:11:49","7.1","/data/T1w_seg.nii.gz","573","11","","","","","","","","","","","","","","","","","",""
"2025-12-16 05:11:49","7.1","/data/T1w_seg.nii.gz","574","11","","","","","","","","","","","","","","","","","",""
"2025-12-16 05:11:49","7.1","/data/T1w_seg.nii.gz","575","11","","","","","","","","","","","","","","","","","",""
"2025-12-16 05:11:49","7.1","/data/T1w_seg.nii.gz","576","11","","","","","","","","","","","","","","","","","",""
"2025-12-16 05:11:49","7.1","/data/T1w_seg.nii.gz","577","11","","","","","","","","","","","","","","","","","",""
"2025-12-16 05:11:49","7.1","/data/T1w_seg.nii.gz","578","11","","","","","","","","","","","","","","","","","",""
"2025-12-16 05:11:49","7.1","/data/T1w_seg.nii.gz","579","11","","","","","","","","","","","","","","","","","",""
"2025-12-16 05:11:49","7.1","/data/T1w_seg.nii.gz","580","11","","","","","","","","","","","","","","","","","",""
"2025-12-16 05:11:49","7.1","/data/T1w_seg.nii.gz","581","11","","","","","","","","","","","","","","","","","",""
"2025-12-16 05:11:49","7.1","/data/T1w_seg.nii.gz","582","11","","","","","","","","","","","","","","","","","",""
"2025-12-16 05:11:49","7.1","/data/T1w_seg.nii.gz","583","11","","","","","","","","","","","","","","","","","",""
"2025-12-16 05:11:49","7.1","/data/T1w_seg.nii.gz","584","11","","","","","","","","","","","","","","","","","",""
"2025-12-16 05:11:49","7.1","/data/T1w_seg.nii.gz","585","11","","","","","","","","","","","","","","","","","",""
"2025-12-16 05:11:49","7.1","/data/T1w_seg.nii.gz","586","11","","","","","","","","","","","","","","","","","",""
"2025-12-16 05:11:49","7.1","/data/T1w_seg.nii.gz","587","11","","","","","","","","","","","","","","","","","",""
"2025-12-16 05:11:49","7.1","/data/T1w_seg.nii.gz","588","11","","","","","","","","","","","","","","","","","",""
"2025-12-16 05:11:49","7.1","/data/T1w_seg.nii.gz","589","11","","","","","","","","","","","","","","","","","",""
"2025-12-16 05:11:49","7.1","/data/T1w_seg.nii.gz","590","11","","","","","","","","","","","","","","","","","",""
"2025-12-16 05:11:49","7.1","/data/T1w_seg.nii.gz","591","11","","","","","","","","","","","","","","","","","",""
"2025-12-16 05:11:49","7.1","/data/T1w_seg.nii.gz","592","11","","","","","","","","","","","","","","","","","",""
"2025-12-16 05:11:49","7.1","/data/T1w_seg.nii.gz","593","11","","","","","","","","","","","","","","","","","",""
"2025-12-16 05:11:49","7.1","/data/T1w_seg.nii.gz","594","11","","","","","","","","","","","","","","","","","",""
"2025-12-16 05:11:49","7.1","/data/T1w_seg.nii.gz","595","11","","","","","","","","","","","","","","","","","",""
"2025-12-16 05:11:49","7.1","/data/T1w_seg.nii.gz","596","11","","","","","","","","","","","","","","","","","",""
"2025-12-16 05:11:49","7.1","/data/T1w_seg.nii.gz","597","11","","","","","","","","","","","","","","","","","",""
"2025-12-16 05:11:49","7.1","/data/T1w_seg.nii.gz","598","11","","","","","","","","","","","","","","","","","",""
"2025-12-16 05:11:49","7.1","/data/T1w_seg.nii.gz","599","11","","","","","","","","","","","","","","","","","",""
"2025-12-16 05:11:49","7.1","/data/T1w_seg.nii.gz","600","11","","","","","","","","","","","","","","","","","",""
"2025-12-16 05:11:49","7.1","/data/T1w_seg.nii.gz","601","10","","","","","","","","","","","","","","","","","",""
"2025-12-16 05:11:49","7.1","/data/T1w_seg.nii.gz","602","10","","","","","","","","","","","","","","","","","",""
"2025-12-16 05:11:49","7.1","/data/T1w_seg.nii.gz","603","10","","","","","","","","","","","","","","","","","",""
"2025-12-16 05:11:49","7.1","/data/T1w_seg.nii.gz","604","10","","","","","","","","","","","","","","","","","",""
"2025-12-16 05:11:49","7.1","/data/T1w_seg.nii.gz","605","10","","","","","","","","","","","","","","","","","",""
"2025-12-16 05:11:49","7.1","/data/T1w_seg.nii.gz","606","10","","","","","","","","","","","","","","","","","",""
"2025-12-16 05:11:49","7.1","/data/T1w_seg.nii.gz","607","10","","","","","","","","","","","","","","","","","",""
"2025-12-16 05:11:49","7.1","/data/T1w_seg.nii.gz","608","10","","","","","","","","","","","","","","","","","",""
"2025-12-16 05:11:49","7.1","/data/T1w_seg.nii.gz","609","10","","","","","","","","","","","","","","","","","",""
"2025-12-16 05:11:49","7.1","/data/T1w_seg.nii.gz","610","10","","","","","","","","","","","","","","","","","",""
"2025-12-16 05:11:49","7.1","/data/T1w_seg.nii.gz","611","10","","","","","","","","","","","","","","","","","",""
"2025-12-16 05:11:49","7.1","/data/T1w_seg.nii.gz","612","10","","","","","","","","","","","","","","","","","",""
"2025-12-16 05:11:49","7.1","/data/T1w_seg.nii.gz","613","10","","","","","","","","","","","","","","","","","",""
"2025-12-16 05:11:49","7.1","/data/T1w_seg.nii.gz","614","10","","","","","","","","","","","","","","","","","",""
"2025-12-16 05:11:49","7.1","/data/T1w_seg.nii.gz","615","10","","","","","","","","","","","","","","","","","",""
"2025-12-16 05:11:49","7.1","/data/T1w_seg.nii.gz","616","10","","","","","","","","","","","","","","","","","",""
"2025-12-16 05:11:49","7.1","/data/T1w_seg.nii.gz","617","10","","","","","","","","","","","","","","","","","",""
"2025-12-16 05:11:49","7.1","/data/T1w_seg.nii.gz","618","10","","","","","","","","","","","","","","","","","",""
"2025-12-16 05:11:49","7.1","/data/T1w_seg.nii.gz","619","10","","","","","","","","","","","","","","","","","",""
"2025-12-16 05:11:49","7.1","/data/T1w_seg.nii.gz","620","10","","","","","","","","","","","","","","","","","",""
"2025-12-16 05:11:49","7.1","/data/T1w_seg.nii.gz","621","10","","","","","","","","","","","","","","","","","",""
"2025-12-16 05:11:49","7.1","/data/T1w_seg.nii.gz","622","10","","","","","","","","","","","","","","","","","",""
"2025-12-16 05:11:49","7.1","/data/T1w_seg.nii.gz","623","10","","","","","","","","","","","","","","","","","",""
"2025-12-16 05:11:49","7.1","/data/T1w_seg.nii.gz","624","10","","","","","","","","","","","","","","","","","",""
"2025-12-16 05:11:49","7.1","/data/T1w_seg.nii.gz","625","10","","","","","","","","","","","","","","","","","",""
"2025-12-16 05:11:49","7.1","/data/T1w_seg.nii.gz","626","10","","","","","","","","","","","","","","","","","",""
"2025-12-16 05:11:49","7.1","/data/T1w_seg.nii.gz","627","10","","","","","","","","","","","","","","","","","",""
"2025-12-16 05:11:49","7.1","/data/T1w_seg.nii.gz","628","10","","","","","","","","","","","","","","","","","",""
"2025-12-16 05:11:49","7.1","/data/T1w_seg.nii.gz","629","10","","","","","","","","","","","","","","","","","",""
"2025-12-16 05:11:49","7.1","/data/T1w_seg.nii.gz","630","10","","","","","","","","","","","","","","","","","",""
"2025-12-16 05:11:49","7.1","/data/T1w_seg.nii.gz","631","10","","","","","","","","","","","","","","","","","",""
"2025-12-16 05:11:49","7.1","/data/T1w_seg.nii.gz","632","10","","","","","","","","","","","","","","","","","",""
"2025-12-16 05:11:49","7.1","/data/T1w_seg.nii.gz","633","10","","","","","","","","","","","","","","","","","",""
"2025-12-16 05:11:49","7.1","/data/T1w_seg.nii.gz","634","10","","","","","","","","","","","","","","","","","",""
"2025-12-16 05:11:49","7.1","/data/T1w_seg.nii.gz","635","10","","","","","","","","","","","","","","","","","",""
"2025-12-16 05:11:49","7.1","/data/T1w_seg.nii.gz","636","10","","","","","","","","","","","","","","","","","",""
"2025-12-16 05:11:49","7.1","/data/T1w_seg.nii.gz","637","10","","","","","","","","","","","","","","","","","",""
"2025-12-16 05:11:49","7.1","/data/T1w_seg.nii.gz","638","10","","","","","","","","","","","","","","","","","",""
"2025-12-16 05:11:49","7.1","/data/T1w_seg.nii.gz","639","10","","","","","","","","","","","","","","","","","",""
"2025-12-16 05:11:49","7.1","/data/T1w_seg.nii.gz","640","10","","","","","","","","","","","","","","","","","",""
"2025-12-16 05:11:49","7.1","/data/T1w_seg.nii.gz","641","10","","","","","","","","","","","","","","","","","",""
"2025-12-16 05:11:49","7.1","/data/T1w_seg.nii.gz","642","10","","","","","","","","","","","","","","","","","",""
"2025-12-16 05:11:49","7.1","/data/T1w_seg.nii.gz","643","10","","","","","","","","","","","","","","","","","",""
"2025-12-16 05:11:49","7.1","/data/T1w_seg.nii.gz","644","10","","","","","","","","","","","","","","","","","",""
"2025-12-16 05:11:49","7.1","/data/T1w_seg.nii.gz","645","10","","","","","","","","","","","","","","","","","",""
"2025-12-16 05:11:49","7.1","/data/T1w_seg.nii.gz","646","10","","","","","","","","","","","","","","","","","",""
"2025-12-16 05:11:49","7.1","/data/T1w_seg.nii.gz","647","9","","","","","","","","","","","","","","","","","",""
"2025-12-16 05:11:49","7.1","/data/T1w_seg.nii.gz","648","9","","","","","","","","","","","","","","","","","",""
"2025-12-16 05:11:49","7.1","/data/T1w_seg.nii.gz","649","9","","","","","","","","","","","","","","","","","",""
"2025-12-16 05:11:49","7.1","/data/T1w_seg.nii.gz","650","9","","","","","","","","","","","","","","","","","",""
"2025-12-16 05:11:49","7.1","/data/T1w_seg.nii.gz","651","9","","","","","","","","","","","","","","","","","",""
"2025-12-16 05:11:49","7.1","/data/T1w_seg.nii.gz","652","9","","","","","","","","","","","","","","","","","",""
"2025-12-16 05:11:49","7.1","/data/T1w_seg.nii.gz","653","9","","","","","","","","","","","","","","","","","",""
"2025-12-16 05:11:49","7.1","/data/T1w_seg.nii.gz","654","9","","","","","","","","","","","","","","","","","",""
"2025-12-16 05:11:49","7.1","/data/T1w_seg.nii.gz","655","9","","","","","","","","","","","","","","","","","",""
"2025-12-16 05:11:49","7.1","/data/T1w_seg.nii.gz","656","9","","","","","","","","","","","","","","","","","",""
"2025-12-16 05:11:49","7.1","/data/T1w_seg.nii.gz","657","9","","","","","","","","","","","","","","","","","",""
"2025-12-16 05:11:49","7.1","/data/T1w_seg.nii.gz","658","9","","","","","","","","","","","","","","","","","",""
"2025-12-16 05:11:49","7.1","/data/T1w_seg.nii.gz","659","9","","","","","","","","","","","","","","","","","",""
"2025-12-16 05:11:49","7.1","/data/T1w_seg.nii.gz","660","9","","","","","","","","","","","","","","","","","",""
"2025-12-16 05:11:49","7.1","/data/T1w_seg.nii.gz","661","9","","","","","","","","","","","","","","","","","",""
"2025-12-16 05:11:49","7.1","/data/T1w_seg.nii.gz","662","9","","","","","","","","","","","","","","","","","",""
"2025-12-16 05:11:49","7.1","/data/T1w_seg.nii.gz","663","9","","","","","","","","","","","","","","","","","",""
"2025-12-16 05:11:49","7.1","/data/T1w_seg.nii.gz","664","9","","","","","","","","","","","","","","","","","",""
"2025-12-16 05:11:49","7.1","/data/T1w_seg.nii.gz","665","9","","","","","","","","","","","","","","","","","",""
"2025-12-16 05:11:49","7.1","/data/T1w_seg.nii.gz","666","9","","","","","","","","","","","","","","","","","",""
"2025-12-16 05:11:49","7.1","/data/T1w_seg.nii.gz","667","9","","","","","","","","","","","","","","","","","",""
"2025-12-16 05:11:49","7.1","/data/T1w_seg.nii.gz","668","9","","","","","","","","","","","","","","","","","",""
"2025-12-16 05:11:49","7.1","/data/T1w_seg.nii.gz","669","9","","","","","","","","","","","","","","","","","",""
"2025-12-16 05:11:49","7.1","/data/T1w_seg.nii.gz","670","9","","","","","","","","","","","","","","","","","",""
"2025-12-16 05:11:49","7.1","/data/T1w_seg.nii.gz","671","9","","","","","","","","","","","","","","","","","",""
"2025-12-16 05:11:49","7.1","/data/T1w_seg.nii.gz","672","9","","","","","","","","","","","","","","","","","",""
"2025-12-16 05:11:49","7.1","/data/T1w_seg.nii.gz","673","9","","","","","","","","","","","","","","","","","",""
"2025-12-16 05:11:49","7.1","/data/T1w_seg.nii.gz","674","9","","","","","","","","","","","","","","","","","",""
"2025-12-16 05:11:49","7.1","/data/T1w_seg.nii.gz","675","9","","","","","","","","","","","","","","","","","",""
"2025-12-16 05:11:49","7.1","/data/T1w_seg.nii.gz","676","9","","","","","","","","","","","","","","","","","",""
"2025-12-16 05:11:49","7.1","/data/T1w_seg.nii.gz","677","9","","","","","","","","","","","","","","","","","",""
"2025-12-16 05:11:49","7.1","/data/T1w_seg.nii.gz","678","9","","","","","","","","","","","","","","","","","",""
"2025-12-16 05:11:49","7.1","/data/T1w_seg.nii.gz","679","9","","","","","","","","","","","","","","","","","",""
"2025-12-16 05:11:49","7.1","/data/T1w_seg.nii.gz","680","9","","","","","","","","","","","","","","","","","",""
"2025-12-16 05:11:49","7.1","/data/T1w_seg.nii.gz","681","9","","","","","","","","","","","","","","","","","",""
"2025-12-16 05:11:49","7.1","/data/T1w_seg.nii.gz","682","9","","","","","","","","","","","","","","","","","",""
"2025-12-16 05:11:49","7.1","/data/T1w_seg.nii.gz","683","9","","","","","","","","","","","","","","","","","",""
"2025-12-16 05:11:49","7.1","/data/T1w_seg.nii.gz","684","9","","","","","","","","","","","","","","","","","",""
"2025-12-16 05:11:49","7.1","/data/T1w_seg.nii.gz","685","9","","","","","","","","","","","","","","","","","",""
"2025-12-16 05:11:49","7.1","/data/T1w_seg.nii.gz","686","9","","","","","","","","","","","","","","","","","",""
"2025-12-16 05:11:49","7.1","/data/T1w_seg.nii.gz","687","9","","","","","","","","","","","","","","","","","",""
"2025-12-16 05:11:49","7.1","/data/T1w_seg.nii.gz","688","9","","","","","","","","","","","","","","","","","",""
"2025-12-16 05:11:49","7.1","/data/T1w_seg.nii.gz","689","9","","","","","","","","","","","","","","","","","",""
"2025-12-16 05:11:49","7.1","/data/T1w_seg.nii.gz","690","9","","","","","","","","","","","","","","","","","",""
"2025-12-16 05:11:49","7.1","/data/T1w_seg.nii.gz","691","9","","","","","","","","","","","","","","","","","",""
"2025-12-16 05:11:49","7.1","/data/T1w_seg.nii.gz","692","9","","","","","","","","","","","","","","","","","",""
"2025-12-16 05:11:49","7.1","/data/T1w_seg.nii.gz","693","8","","","","","","","","","","","","","","","","","",""
"2025-12-16 05:11:49","7.1","/data/T1w_seg.nii.gz","694","8","","","","","","","","","","","","","","","","","",""
"2025-12-16 05:11:49","7.1","/data/T1w_seg.nii.gz","695","8","","","","","","","","","","","","","","","","","",""
"2025-12-16 05:11:49","7.1","/data/T1w_seg.nii.gz","696","8","","","","","","","","","","","","","","","","","",""
"2025-12-16 05:11:49","7.1","/data/T1w_seg.nii.gz","697","8","","","","","","","","","","","","","","","","","",""
"2025-12-16 05:11:49","7.1","/data/T1w_seg.nii.gz","698","8","","","","","","","","","","","","","","","","","",""
"2025-12-16 05:11:49","7.1","/data/T1w_seg.nii.gz","699","8","","","","","","","","","","","","","","","","","",""
"2025-12-16 05:11:49","7.1","/data/T1w_seg.nii.gz","700","8","","","","","","","","","","","","","","","","","",""
"2025-12-16 05:11:49","7.1","/data/T1w_seg.nii.gz","701","8","","","","","","","","","","","","","","","","","",""
"2025-12-16 05:11:49","7.1","/data/T1w_seg.nii.gz","702","8","","","","","","","","","","","","","","","","","",""
"2025-12-16 05:11:49","7.1","/data/T1w_seg.nii.gz","703","8","","","","","","","","","","","","","","","","","",""
"2025-12-16 05:11:49","7.1","/data/T1w_seg.nii.gz","704","8","","","","","","","","","","","","","","","","","",""
"2025-12-16 05:11:49","7.1","/data/T1w_seg.nii.gz","705","8","","","","","","","","","","","","","","","","","",""
"2025-12-16 05:11:49","7.1","/data/T1w_seg.nii.gz","706","8","","","","","","","","","","","","","","","","","",""
"2025-12-16 05:11:49","7.1","/data/T1w_seg.nii.gz","707","8","","","","","","","","","","","","","","","","","",""
"2025-12-16 05:11:49","7.1","/data/T1w_seg.nii.gz","708","8","","","","","","","","","","","","","","","","","",""
"2025-12-16 05:11:49","7.1","/data/T1w_seg.nii.gz","709","8","","","","","","","","","","","","","","","","","",""
"2025-12-16 05:11:49","7.1","/data/T1w_seg.nii.gz","710","8","","","","","","","","","","","","","","","","","",""
"2025-12-16 05:11:49","7.1","/data/T1w_seg.nii.gz","711","8","","","","","","","","","","","","","","","","","",""
"2025-12-16 05:11:49","7.1","/data/T1w_seg.nii.gz","712","8","","","","","","","","","","","","","","","","","",""
"2025-12-16 05:11:49","7.1","/data/T1w_seg.nii.gz","713","8","","","","","","","","","","","","","","","","","",""
"2025-12-16 05:11:49","7.1","/data/T1w_seg.nii.gz","714","8","","","","","","","","","","","","","","","","","",""
"2025-12-16 05:11:49","7.1","/data/T1w_seg.nii.gz","715","8","","","","","","","","","","","","","","","","","",""
"2025-12-16 05:11:49","7.1","/data/T1w_seg.nii.gz","716","8","","","","","","","","","","","","","","","","","",""
"2025-12-16 05:11:49","7.1","/data/T1w_seg.nii.gz","717","8","","","","","","","","","","","","","","","","","",""
"2025-12-16 05:11:49","7.1","/data/T1w_seg.nii.gz","718","8","","","","","","","","","","","","","","","","","",""
"2025-12-16 05:11:49","7.1","/data/T1w_seg.nii.gz","719","8","","","","","","","","","","","","","","","","","",""
"2025-12-16 05:11:49","7.1","/data/T1w_seg.nii.gz","720","8","","","","","","","","","","","","","","","","","",""
"2025-12-16 05:11:49","7.1","/data/T1w_seg.nii.gz","721","8","","","","","","","","","","","","","","","","","",""
"2025-12-16 05:11:49","7.1","/data/T1w_seg.nii.gz","722","8","","","","","","","","","","","","","","","","","",""
"2025-12-16 05:11:49","7.1","/data/T1w_seg.nii.gz","723","8","","","","","","","","","","","","","","","","","",""
"2025-12-16 05:11:49","7.1","/data/T1w_seg.nii.gz","724","8","","","","","","","","","","","","","","","","","",""
"2025-12-16 05:11:49","7.1","/data/T1w_seg.nii.gz","725","8","","","","","","","","","","","","","","","","","",""
"2025-12-16 05:11:49","7.1","/data/T1w_seg.nii.gz","726","8","","","","","","","","","","","","","","","","","",""
"2025-12-16 05:11:49","7.1","/data/T1w_seg.nii.gz","727","8","","","","","","","","","","","","","","","","","",""
"2025-12-16 05:11:49","7.1","/data/T1w_seg.nii.gz","728","8","","","","","","","","","","","","","","","","","",""
"2025-12-16 05:11:49","7.1","/data/T1w_seg.nii.gz","729","8","","","","","","","","","","","","","","","","","",""
"2025-12-16 05:11:49","7.1","/data/T1w_seg.nii.gz","730","8","","","","","","","","","","","","","","","","","",""
"2025-12-16 05:11:49","7.1","/data/T1w_seg.nii.gz","731","8","","","","","","","","","","","","","","","","","",""
"2025-12-16 05:11:49","7.1","/data/T1w_seg.nii.gz","732","8","","","","","","","","","","","","","","","","","",""
"2025-12-16 05:11:49","7.1","/data/T1w_seg.nii.gz","733","8","","","","","","","","","","","","","","","","","",""
"2025-12-16 05:11:49","7.1","/data/T1w_seg.nii.gz","734","8","","","","","","","","","","","","","","","","","",""
"2025-12-16 05:11:49","7.1","/data/T1w_seg.nii.gz","735","8","","","","","","","","","","","","","","","","","",""
"2025-12-16 05:11:49","7.1","/data/T1w_seg.nii.gz","736","7","","","","","","","","","","","","","","","","","",""
"2025-12-16 05:11:49","7.1","/data/T1w_seg.nii.gz","737","7","","","","","","","","","","","","","","","","","",""
"2025-12-16 05:11:49","7.1","/data/T1w_seg.nii.gz","738","7","","","","","","","","","","","","","","","","","",""
"2025-12-16 05:11:49","7.1","/data/T1w_seg.nii.gz","739","7","","","","","","","","","","","","","","","","","",""
"2025-12-16 05:11:49","7.1","/data/T1w_seg.nii.gz","740","7","","","","","","","","","","","","","","","","","",""
"2025-12-16 05:11:49","7.1","/data/T1w_seg.nii.gz","741","7","","","","","","","","","","","","","","","","","",""
"2025-12-16 05:11:49","7.1","/data/T1w_seg.nii.gz","742","7","","","","","","","","","","","","","","","","","",""
"2025-12-16 05:11:49","7.1","/data/T1w_seg.nii.gz","743","7","","","","","","","","","","","","","","","","","",""
"2025-12-16 05:11:49","7.1","/data/T1w_seg.nii.gz","744","7","","","","","","","","","","","","","","","","","",""
"2025-12-16 05:11:49","7.1","/data/T1w_seg.nii.gz","745","7","","","","","","","","","","","","","","","","","",""
"2025-12-16 05:11:49","7.1","/data/T1w_seg.nii.gz","746","7","","","","","","","","","","","","","","","","","",""
"2025-12-16 05:11:49","7.1","/data/T1w_seg.nii.gz","747","7","","","","","","","","","","","","","","","","","",""
"2025-12-16 05:11:49","7.1","/data/T1w_seg.nii.gz","748","7","","","","","","","","","","","","","","","","","",""
"2025-12-16 05:11:49","7.1","/data/T1w_seg.nii.gz","749","7","","","","","","","","","","","","","","","","","",""
"2025-12-16 05:11:49","7.1","/data/T1w_seg.nii.gz","750","7","","","","","","","","","","","","","","","","","",""
"2025-12-16 05:11:49","7.1","/data/T1w_seg.nii.gz","751","7","","","","","","","","","","","","","","","","","",""
"2025-12-16 05:11:49","7.1","/data/T1w_seg.nii.gz","752","7","","","","","","","","","","","","","","","","","",""
"2025-12-16 05:11:49","7.1","/data/T1w_seg.nii.gz","753","7","","","","","","","","","","","","","","","","","",""
"2025-12-16 05:11:49","7.1","/data/T1w_seg.nii.gz","754","7","","","","","","","","","","","","","","","","","",""
"2025-12-16 05:11:49","7.1","/data/T1w_seg.nii.gz","755","7","","","","","","","","","","","","","","","","","",""
"2025-12-16 05:11:49","7.1","/data/T1w_seg.nii.gz","756","7","","","","","","","","","","","","","","","","","",""
"2025-12-16 05:11:49","7.1","/data/T1w_seg.nii.gz","757","7","","","","","","","","","","","","","","","","","",""
"2025-12-16 05:11:49","7.1","/data/T1w_seg.nii.gz","758","7","","","","","","","","","","","","","","","","","",""
"2025-12-16 05:11:49","7.1","/data/T1w_seg.nii.gz","759","7","","","","","","","","","","","","","","","","","",""
"2025-12-16 05:11:49","7.1","/data/T1w_seg.nii.gz","760","7","","","","","","","","","","","","","","","","","",""
"2025-12-16 05:11:49","7.1","/data/T1w_seg.nii.gz","761","7","","","","","","","","","","","","","","","","","",""
"2025-12-16 05:11:49","7.1","/data/T1w_seg.nii.gz","762","7","","","","","","","","","","","","","","","","","",""
"2025-12-16 05:11:49","7.1","/data/T1w_seg.nii.gz","763","7","","","","","","","","","","","","","","","","","",""
"2025-12-16 05:11:49","7.1","/data/T1w_seg.nii.gz","764","7","","","","","","","","","","","","","","","","","",""
"2025-12-16 05:11:49","7.1","/data/T1w_seg.nii.gz","765","7","","","","","","","","","","","","","","","","","",""
"2025-12-16 05:11:49","7.1","/data/T1w_seg.nii.gz","766","7","","","","","","","","","","","","","","","","","",""
"2025-12-16 05:11:49","7.1","/data/T1w_seg.nii.gz","767","7","","","","","","","","","","","","","","","","","",""
"2025-12-16 05:11:49","7.1","/data/T1w_seg.nii.gz","768","7","","","","","","","","","","","","","","","","","",""
"2025-12-16 05:11:49","7.1","/data/T1w_seg.nii.gz","769","7","","","","","","","","","","","","","","","","","",""
"2025-12-16 05:11:49","7.1","/data/T1w_seg.nii.gz","770","6","","","","","","","","","","","","","","","","","",""
"2025-12-16 05:11:49","7.1","/data/T1w_seg.nii.gz","771","6","","","","","","","","","","","","","","","","","",""
"2025-12-16 05:11:49","7.1","/data/T1w_seg.nii.gz","772","6","","","","","","","","","","","","","","","","","",""
"2025-12-16 05:11:49","7.1","/data/T1w_seg.nii.gz","773","6","","","","","","","","","","","","","","","","","",""
"2025-12-16 05:11:49","7.1","/data/T1w_seg.nii.gz","774","6","","","","","","","","","","","","","","","","","",""
"2025-12-16 05:11:49","7.1","/data/T1w_seg.nii.gz","775","6","","","","","","","","","","","","","","","","","",""
"2025-12-16 05:11:49","7.1","/data/T1w_seg.nii.gz","776","6","","","","","","","","","","","","","","","","","",""
"2025-12-16 05:11:49","7.1","/data/T1w_seg.nii.gz","777","6","","","","","","","","","","","","","","","","","",""
"2025-12-16 05:11:49","7.1","/data/T1w_seg.nii.gz","778","6","","","","","","","","","","","","","","","","","",""
"2025-12-16 05:11:49","7.1","/data/T1w_seg.nii.gz","779","6","","","","","","","","","","","","","","","","","",""
"2025-12-16 05:11:49","7.1","/data/T1w_seg.nii.gz","780","6","","","","","","","","","","","","","","","","","",""
"2025-12-16 05:11:49","7.1","/data/T1w_seg.nii.gz","781","6","","","","","","","","","","","","","","","","","",""
"2025-12-16 05:11:49","7.1","/data/T1w_seg.nii.gz","782","6","","","","","","","","","","","","","","","","","",""
"2025-12-16 05:11:49","7.1","/data/T1w_seg.nii.gz","783","6","","","","","","","","","","","","","","","","","",""
"2025-12-16 05:11:49","7.1","/data/T1w_seg.nii.gz","784","6","","","","","","","","","","","","","","","","","",""
"2025-12-16 05:11:49","7.1","/data/T1w_seg.nii.gz","785","6","","","","","","","","","","","","","","","","","",""
"2025-12-16 05:11:49","7.1","/data/T1w_seg.nii.gz","786","6","","","","","","","","","","","","","","","","","",""
"2025-12-16 05:11:49","7.1","/data/T1w_seg.nii.gz","787","6","","","","","","","","","","","","","","","","","",""
"2025-12-16 05:11:49","7.1","/data/T1w_seg.nii.gz","788","6","","","","","","","","","","","","","","","","","",""
"2025-12-16 05:11:49","7.1","/data/T1w_seg.nii.gz","789","6","","","","","","","","","","","","","","","","","",""
"2025-12-16 05:11:49","7.1","/data/T1w_seg.nii.gz","790","6","","","","","","","","","","","","","","","","","",""
"2025-12-16 05:11:49","7.1","/data/T1w_seg.nii.gz","791","6","","","","","","","","","","","","","","","","","",""
"2025-12-16 05:11:49","7.1","/data/T1w_seg.nii.gz","792","6","","","","","","","","","","","","","","","","","",""
"2025-12-16 05:11:49","7.1","/data/T1w_seg.nii.gz","793","6","","","","","","","","","","","","","","","","","",""
"2025-12-16 05:11:49","7.1","/data/T1w_seg.nii.gz","794","6","","","","","","","","","","","","","","","","","",""
"2025-12-16 05:11:49","7.1","/data/T1w_seg.nii.gz","795","6","","","","","","","","","","","","","","","","","",""
"2025-12-16 05:11:49","7.1","/data/T1w_seg.nii.gz","796","6","","","","","","","","","","","","","","","","","",""
"2025-12-16 05:11:49","7.1","/data/T1w_seg.nii.gz","797","6","","","","","","","","","","","","","","","","","",""
"2025-12-16 05:11:49","7.1","/data/T1w_seg.nii.gz","798","6","","","","","","","","","","","","","","","","","",""
"2025-12-16 05:11:49","7.1","/data/T1w_seg.nii.gz","799","6","","","","","","","","","","","","","","","","","",""
"2025-12-16 05:11:49","7.1","/data/T1w_seg.nii.gz","800","6","","","","","","","","","","","","","","","","","",""
"2025-12-16 05:11:49","7.1","/data/T1w_seg.nii.gz","801","5","",60.03717446395153,0.0,-1.3102776270818361,0.0,27.080823907214665,0.0,5.595917829910616,0.0,13.751494345741067,0.0,0.9134023741396187,0.0,4.651843021960545,0.0,0.9648594749292656,0.0,""
"2025-12-16 05:11:49","7.1","/data/T1w_seg.nii.gz","802","5","",60.799878692196906,0.0,-1.2686864549925725,0.0,26.973670924311552,0.0,5.67156113321104,0.0,13.716692516800356,0.0,0.9104735530500115,0.0,4.29916522254276,0.0,0.976655064591256,0.0,""
"2025-12-16 05:11:49","7.1","/data/T1w_seg.nii.gz","803","5","",61.44001421173647,0.0,-1.227761509446963,0.0,26.866716457059418,0.0,5.716657438860309,0.0,13.718251227604107,0.0,0.9090323763581235,0.0,4.2712153048690205,0.0,0.9736843143832508,0.0,""
"2025-12-16 05:11:49","7.1","/data/T1w_seg.nii.gz","804","5","",61.93715290445258,0.0,-1.1876138282022832,0.0,26.759993591400097,0.0,5.726115580583227,0.0,13.762230568109729,0.0,0.909326784796908,0.0,4.622114582563335,0.0,0.9534861676602506,0.0,""
"2025-12-16 05:11:49","7.1","/data/T1w_seg.nii.gz","805","5","",62.4342915971687,0.0,-1.1474661469576037,0.0,26.653270725740775,0.0,5.735573722306145,0.0,13.806209908615353,0.0,0.9096211932356923,0.0,4.97301386025765,0.0,0.9332880209372504,0.0,""
"2025-12-16 05:11:49","7.1","/data/T1w_seg.nii.gz","806","5","",63.212216698250224,0.0,-1.1086514508372078,0.0,26.546958444018696,0.0,5.770375834259567,0.0,13.847198812198661,0.0,0.9090349329080241,0.0,5.952327999709435,0.0,0.941098615321559,0.0,""
"2025-12-16 05:11:49","7.1","/data/T1w_seg.nii.gz","807","5","",64.01354066669553,0.0,-1.0699478368105022,0.0,26.44068037762472,0.0,5.807289943732197,0.0,13.88793851270511,0.0,0.9083752835164847,0.0,6.984010044307677,0.0,0.9512432714648101,0.0,""
"2025-12-16 05:11:49","7.1","/data/T1w_seg.nii.gz","808","5","",64.56981726348543,0.0,-1.0317998303373364,0.0,26.33457900350562,0.0,5.867756075054151,0.0,13.852630019850652,0.0,0.9057186792087121,0.0,7.151380499348347,0.0,0.9573880714793918,0.0,""
"2025-12-16 05:11:49","7.1","/data/T1w_seg.nii.gz","809","5","",64.73401806562667,0.0,-0.9945407959498346,0.0,26.228760337026323,0.0,5.965905441335022,0.0,13.695644417618741,0.0,0.8998669470349663,0.0,5.9358524110969,0.0,0.9571331016881023,0.0,""
"2025-12-16 05:11:49","7.1","/data/T1w_seg.nii.gz","810","5","",64.89821886776792,0.0,-0.9572817615623326,0.0,26.12294167054703,0.0,6.064054807615893,0.0,13.538658815386832,0.0,0.8940152148612204,0.0,4.7203243228454514,0.0,0.9568781318968128,0.0,""
"2025-12-16 05:11:49","7.1","/data/T1w_seg.nii.gz","811","5","",64.82484529684763,0.0,-0.9212454472638473,0.0,26.01752400752441,0.0,6.053317580315824,0.0,13.573544075090295,0.0,0.8950116819169586,0.0,5.325801209783975,0.0,0.9559002666852997,0.0,""
"2025-12-16 05:11:49","7.1","/data/T1w_seg.nii.gz","812","5","",64.70827638537067,0.0,-0.8854314457088194,0.0,25.912179254221194,0.0,6.022782790546493,0.0,13.643314946054735,0.0,0.8972532761053301,0.0,6.262369910393402,0.0,0.9547909659428367,0.0,""
"2025-12-16 05:11:49","7.1","/data/T1w_seg.nii.gz","813","5","",64.59860678834697,0.0,-0.8500621922624574,0.0,25.806984757276464,0.0,5.977879170000596,0.0,13.755093123797902,0.0,0.9005014141583846,0.0,6.950018835866781,0.0,0.9510649012115288,0.0,""
"2025-12-16 05:11:49","7.1","/data/T1w_seg.nii.gz","814","5","",64.50446064884308,0.0,-0.8156936220605935,0.0,25.70212833713833,0.0,5.90064568020743,0.0,13.961387741793201,0.0,0.9060142759069756,0.0,7.077598267284051,0.0,0.9414511175053191,0.0,""
"2025-12-16 05:11:49","7.1","/data/T1w_seg.nii.gz","815","5","",64.41031450933917,0.0,-0.7813250518587297,0.0,25.5972719170002,0.0,5.823412190414262,0.0,14.167682359788499,0.0,0.9115271376555666,0.0,7.205177698701321,0.0,0.9318373337991095,0.0,""
"2025-12-16 05:11:49","7.1","/data/T1w_seg.nii.gz","816","5","",65.14445804386406,0.0,-0.7480686198002129,0.0,25.492802153889215,0.0,5.859535873931594,0.0,14.283118907133542,0.0,0.9119788988923984,0.0,7.122527395408489,0.0,0.9324459774736535,0.0,""
"2025-12-16 05:11:49","7.1","/data/T1w_seg.nii.gz","817","5","",66.12708848059759,0.0,-0.7151458291847002,0.0,25.38844838788638,0.0,5.929666709442075,0.0,14.371298033283507,0.0,0.9109123299757024,0.0,6.976808171702626,0.0,0.9361213493624236,0.0,""
"2025-12-16 05:11:49","7.1","/data/T1w_seg.nii.gz","818","5","",66.9003750108853,0.0,-0.6825567497412268,0.0,25.284213899687668,0.0,5.982752011174032,0.0,14.441918940684246,0.0,0.9101552552827818,0.0,6.885712941242522,0.0,0.9385029941542166,0.0,""
"2025-12-16 05:11:49","7.1","/data/T1w_seg.nii.gz","819","5","",66.97584851968699,0.0,-0.6510800408712183,0.0,25.180377004169376,0.0,5.979018866977577,0.0,14.454012452254231,0.0,0.9104298280024463,0.0,6.976697688268286,0.0,0.9365722152894187,0.0,""
"2025-12-16 05:11:49","7.1","/data/T1w_seg.nii.gz","820","5","",67.05132202848868,0.0,-0.6196033320012099,0.0,25.076540108651088,0.0,5.975285722781121,0.0,14.466105963824216,0.0,0.9107044007221107,0.0,7.0676824352940475,0.0,0.9346414364246208,0.0,""
"2025-12-16 05:11:49","7.1","/data/T1w_seg.nii.gz","821","5","",66.76133085535874,0.0,-0.5891279367344332,0.0,24.973070812428904,0.0,5.9495406779351425,0.0,14.417614241122093,0.0,0.9108852697996098,0.0,5.965226800132903,0.0,0.9464518195522663,0.0,""
"2025-12-16 05:11:49","7.1","/data/T1w_seg.nii.gz","822","5","",66.30891093470359,0.0,-0.5590975697357596,0.0,24.869764893671654,0.0,5.91401256613382,0.0,14.342195747632367,0.0,0.9110244928139244,0.0,4.332353217333137,0.0,0.9643693857876645,0.0,""
"2025-12-16 05:11:49","7.1","/data/T1w_seg.nii.gz","823","5","",65.81353215542535,0.0,-0.5292897510187461,0.0,24.766542816094237,0.0,5.8607883204060265,0.0,14.304019685379386,0.0,0.9121235445478058,0.0,3.188790723870969,0.0,0.9762627957140771,0.0,""
"2025-12-16 05:11:49","7.1","/data/T1w_seg.nii.gz","824","5","",65.08187965371998,0.0,-0.5007059478508632,0.0,24.663781865005877,0.0,5.710235338082635,0.0,14.470676994928514,0.0,0.9185016542393047,0.0,4.73643922176564,0.0,0.9550233459410685,0.0,""
"2025-12-16 05:11:49","7.1","/data/T1w_seg.nii.gz","825","5","",64.3502271520146,0.0,-0.4721221446829802,0.0,24.561020913917517,0.0,5.559682355759242,0.0,14.63733430447764,0.0,0.9248797639308036,0.0,6.2840877196603175,0.0,0.9337838961680599,0.0,""
"2025-12-16 05:11:49","7.1","/data/T1w_seg.nii.gz","826","5","",63.246249056064435,0.0,-0.4444286500173646,0.0,24.45860386318205,0.0,5.418363645113377,0.0,14.684501273089545,0.0,0.9293877061182952,0.0,6.554069363423487,0.0,0.9317986288655563,0.0,""
"2025-12-16 05:11:49","7.1","/data/T1w_seg.nii.gz","827","5","",61.90956746371127,0.0,-0.417291598165666,0.0,24.356401750167134,0.0,5.282816354265966,0.0,14.656986778615687,0.0,0.9327267936157823,0.0,6.025509223354474,0.0,0.9418472256071183,0.0,""
"2025-12-16 05:11:49","7.1","/data/T1w_seg.nii.gz","828","5","",60.7756846873851,0.0,-0.390265846917386,0.0,24.254243681998854,0.0,5.1759607541226575,0.0,14.609179888867718,0.0,0.935026225124659,0.0,5.606688889854599,0.0,0.9508291406277648,0.0,""
"2025-12-16 05:11:49","7.1","/data/T1w_seg.nii.gz","829","5","",62.07538770338295,0.0,-0.3645757029101283,0.0,24.15261415199017,0.0,5.413405442428567,0.0,14.317864255830436,0.0,0.924849784770212,0.0,6.504746235184396,0.0,0.9470108749974271,0.0,""
"2025-12-16 05:11:49","7.1","/data/T1w_seg.nii.gz","830","5","",63.375090719380815,0.0,-0.3388855589028706,0.0,24.05098462198149,0.0,5.650850130734478,0.0,14.02654862279315,0.0,0.9146733444157649,0.0,7.402803580514196,0.0,0.9431926093670894,0.0,""
"2025-12-16 05:11:49","7.1","/data/T1w_seg.nii.gz","831","5","",64.97089348521017,0.0,-0.31397458853370597,0.0,23.949670736871738,0.0,5.830599431330656,0.0,14.02609959203498,0.0,0.909515480099291,0.0,7.041458477664699,0.0,0.9375552251983904,0.0,""
"2025-12-16 05:11:49","7.1","/data/T1w_seg.nii.gz","832","5","",66.82049603660937,0.0,-0.2897314812829069,0.0,23.8486274045325,0.0,5.96089554246135,0.0,14.274964791801759,0.0,0.9086592523867938,0.0,5.600625562090091,0.0,0.9303585965682388,0.0,""
"2025-12-16 05:11:49","7.1","/data/T1w_seg.nii.gz","833","5","",68.67009858800859,0.0,-0.2654883740321078,0.0,23.747584072193263,0.0,6.091191653592045,0.0,14.52382999156854,0.0,0.9078030246742967,0.0,4.1597926465154815,0.0,0.9231619679380874,0.0,""
"2025-12-16 05:11:49","7.1","/data/T1w_seg.nii.gz","834","4","",67.43683590643697,0.0,-0.2076216910221208,0.0,23.49261171744944,0.0,5.956315388035586,0.0,14.516181317581013,0.0,0.9119387982886565,0.0,7.182610640764978,0.0,0.9484831139095592,0.0,""
"2025-12-16 05:11:49","7.1","/data/T1w_seg.nii.gz","835","4","",68.04215034372606,0.0,-0.18504129101788566,0.0,23.387021620596087,0.0,6.089576934586271,0.0,14.416126343931886,0.0,0.9062052331260856,0.0,6.763490538339711,0.0,0.945411700872119,0.0,""
"2025-12-16 05:11:49","7.1","/data/T1w_seg.nii.gz","836","4","",68.64746478101515,0.0,-0.16246089101365052,0.0,23.281431523742736,0.0,6.2228384811369555,0.0,14.31607137028276,0.0,0.9004716679635146,0.0,6.344370435914442,0.0,0.9423402878346788,0.0,""
"2025-12-16 05:11:49","7.1","/data/T1w_seg.nii.gz","837","4","",69.50618579924871,0.0,-0.14079896259101607,0.0,23.176238832377795,0.0,6.262447332832021,0.0,14.410056209644582,0.0,0.9005120121327593,0.0,6.16615490204646,0.0,0.9390968388809605,0.0,""
"2025-12-16 05:11:49","7.1","/data/T1w_seg.nii.gz","838","4","",70.53384453811192,0.0,-0.11974934855611544,0.0,23.071311078005127,0.0,6.239621054623341,0.0,14.633400924347034,0.0,0.904401629189881,0.0,6.148542413883337,0.0,0.9357386993163901,0.0,""
"2025-12-16 05:11:49","7.1","/data/T1w_seg.nii.gz","839","4","",71.07474475134221,0.0,-0.09900590193625017,0.0,22.966518552527553,0.0,6.211326501947877,0.0,14.772693141283566,0.0,0.9073015961180438,0.0,6.350015046375361,0.0,0.9340093232865101,0.0,""
"2025-12-16 05:11:49","7.1","/data/T1w_seg.nii.gz","840","4","",69.66861086204084,0.0,-0.07948712497652637,0.0,22.862266942630352,0.0,6.161158851405281,0.0,14.575775367156412,0.0,0.9062429625303711,0.0,7.427828161487977,0.0,0.9387950013953921,0.0,""
"2025-12-16 05:11:49","7.1","/data/T1w_seg.nii.gz","841","4","",68.26247697273945,0.0,-0.05996834801680257,0.0,22.75801533273315,0.0,6.110991200862684,0.0,14.378857593029258,0.0,0.9051843289426984,0.0,8.50564127660059,0.0,0.943580679504274,0.0,""
"2025-12-16 05:11:49","7.1","/data/T1w_seg.nii.gz","842","4","",67.79765291859198,0.0,-0.0416742701210389,0.0,22.654315551764224,0.0,6.098965007768199,0.0,14.294582530881646,0.0,0.9044034483306603,0.0,9.024248609339299,0.0,0.945391535453772,0.0,""
"2025-12-16 05:11:49","7.1","/data/T1w_seg.nii.gz","843","4","",67.56815632323297,0.0,-0.023686366991265265,0.0,22.550753728027367,0.0,6.096474179035742,0.0,14.23846814672892,0.0,0.9036920059625309,0.0,9.403054496484533,0.0,0.9464586858634239,0.0,""
"2025-12-16 05:11:49","7.1","/data/T1w_seg.nii.gz","844","4","",67.96810522875744,0.0,-0.006310823317917529,0.0,22.44747320973941,0.0,6.078939648460903,0.0,14.307346854564425,0.0,0.9051236929539322,0.0,9.209004293376067,0.0,0.9482508293151666,0.0,""
"2025-12-16 05:11:49","7.1","/data/T1w_seg.nii.gz","845","4","",69.31222238560711,0.0,0.010146181170791347,0.0,22.344614649624802,0.0,6.0388395651224895,0.0,14.563715200382276,0.0,0.9097700739846301,0.0,8.155669954887056,0.0,0.9511304623300454,0.0,""
"2025-12-16 05:11:49","7.1","/data/T1w_seg.nii.gz","846","4","",70.6563395424568,0.0,0.026603185659500227,0.0,22.241756089510197,0.0,5.998739481784076,0.0,14.820083546200127,0.0,0.9144164550153278,0.0,7.102335616398046,0.0,0.9540100953449243,0.0,""
"2025-12-16 05:11:49","7.1","/data/T1w_seg.nii.gz","847","4","",70.26847776112393,0.0,0.04152927642085542,0.0,22.139614102546503,0.0,5.987112916149477,0.0,14.779495897032994,0.0,0.9142719032985869,0.0,6.007677767354657,0.0,0.939000877105024,0.0,""
"2025-12-16 05:11:49","7.1","/data/T1w_seg.nii.gz","848","4","",69.88061597979106,0.0,0.05645536718221061,0.0,22.037472115582805,0.0,5.975486350514877,0.0,14.738908247865863,0.0,0.9141273515818459,0.0,4.913019918311269,0.0,0.9239916588651236,0.0,""
"2025-12-16 05:11:49","7.1","/data/T1w_seg.nii.gz","849","4","",69.49092252707243,0.0,0.07046290527219003,0.0,21.935767955363353,0.0,5.941667560018042,0.0,14.703913640489452,0.0,0.9147169461463054,0.0,5.308846756621371,0.0,0.9273509323805763,0.0,""
"2025-12-16 05:11:49","7.1","/data/T1w_seg.nii.gz","850","4","",69.10000796009663,0.0,0.0838580749145856,0.0,21.834355679640062,0.0,5.893053952946384,0.0,14.672647727640188,0.0,0.9157959715648984,0.0,6.698330053167128,0.0,0.9429558670662643,0.0,""
"2025-12-16 05:11:49","7.1","/data/T1w_seg.nii.gz","851","4","",68.62168203608046,0.0,0.09694706002553105,0.0,21.73309193883482,0.0,5.856818576152517,0.0,14.636160784746226,0.0,0.9164396496211055,0.0,7.609208846775423,0.0,0.9535657710301036,0.0,""
"2025-12-16 05:11:49","7.1","/data/T1w_seg.nii.gz","852","4","",67.79371068390277,0.0,0.10881130701067596,0.0,21.632422337701797,0.0,5.870096120469816,0.0,14.578789721673463,0.0,0.9153419382277679,0.0,6.605669628633864,0.0,0.9441955521065477,0.0,""
"2025-12-16 05:11:49","7.1","/data/T1w_seg.nii.gz","853","4","",66.96573933172509,0.0,0.12067555399582085,0.0,21.531752736568777,0.0,5.883373664787114,0.0,14.521418658600702,0.0,0.9142442268344302,0.0,5.602130410492304,0.0,0.9348253331829919,0.0,""
"2025-12-16 05:11:49","7.1","/data/T1w_seg.nii.gz","854","4","",66.90732094076945,0.0,0.13131506498514978,0.0,21.43168750352078,0.0,5.972374953077863,0.0,14.328409669730124,0.0,0.9086780135765486,0.0,5.720961650361556,0.0,0.9342661808040841,0.0,""
"2025-12-16 05:11:49","7.1","/data/T1w_seg.nii.gz","855","4","",67.04129079011932,0.0,0.14164839197552473,0.0,21.331773362494044,0.0,6.080307177361976,0.0,14.101491199410093,0.0,0.901994674852531,0.0,6.120385504733507,0.0,0.9359097950613382,0.0,""
"2025-12-16 05:11:49","7.1","/data/T1w_seg.nii.gz","856","4","",67.04153982299829,0.0,0.1513693531278203,0.0,21.232166447427616,0.0,6.130711094582952,0.0,14.012160254079491,0.0,0.8991623299514588,0.0,6.5681093027144675,0.0,0.9354551565257812,0.0,""
"2025-12-16 05:11:49","7.1","/data/T1w_seg.nii.gz","857","4","",66.84120763117095,0.0,0.16017176552299675,0.0,21.133020371301644,0.0,6.094822551209224,0.0,14.129210596233035,0.0,0.9021064757848049,0.0,7.088283016108937,0.0,0.9318531388010072,0.0,""
"2025-12-16 05:11:49","7.1","/data/T1w_seg.nii.gz","858","4","",66.64087543934359,0.0,0.16897417791817324,0.0,21.03387429517567,0.0,6.0589340078354965,0.0,14.246260938386577,0.0,0.9050506216181508,0.0,7.608456729503407,0.0,0.9282511210762332,0.0,""
"2025-12-16 05:11:49","7.1","/data/T1w_seg.nii.gz","859","4","",64.83904770424172,0.0,0.1762456825800079,0.0,20.935508705342272,0.0,5.91647125611876,0.0,14.222022826978534,0.0,0.909288882701563,0.0,7.01022752113554,0.0,0.933962690438363,0.0,""
"2025-12-16 05:11:49","7.1","/data/T1w_seg.nii.gz","860","4","",63.037219969139855,0.0,0.18351718724184254,0.0,20.837143115508873,0.0,5.7740085044020235,0.0,14.19778471557049,0.0,0.9135271437849753,0.0,6.411998312767672,0.0,0.9396742598004927,0.0,""
"2025-12-16 05:11:49","7.1","/data/T1w_seg.nii.gz","861","4","",63.68571469171909,0.0,0.18987015160660328,0.0,20.73925315875948,0.0,5.812977553178251,0.0,14.229041502270135,0.0,0.9127042156174454,0.0,5.868135310462599,0.0,0.9430964179112608,0.0,""
"2025-12-16 05:11:49","7.1","/data/T1w_seg.nii.gz","862","4","",65.96775771941904,0.0,0.19561075577331474,0.0,20.64168029073276,0.0,5.972901135616453,0.0,14.297294887708238,0.0,0.9085071612826205,0.0,5.360516445532724,0.0,0.9449923018544543,0.0,""
"2025-12-16 05:11:49","7.1","/data/T1w_seg.nii.gz","863","4","",67.65445003220628,0.0,0.20104518118450876,0.0,20.54426837654072,0.0,6.092433007186215,0.0,14.335607823302269,0.0,0.9051986076547678,0.0,5.024700923614123,0.0,0.9452792964306123,0.0,""
"2025-12-16 05:11:49","7.1","/data/T1w_seg.nii.gz","864","4","",66.9597394853427,0.0,0.205254891573633,0.0,20.447500277687396,0.0,6.050398035282212,0.0,14.25415895952001,0.0,0.9054440568548031,0.0,5.376098773740611,0.0,0.9391307335386283,0.0,""
"2025-12-16 05:11:49","7.1","/data/T1w_seg.nii.gz","865","4","",66.2650289384791,0.0,0.20946460196275726,0.0,20.350732178834072,0.0,6.0083630633782095,0.0,14.172710095737754,0.0,0.9056895060548384,0.0,5.727496623867098,0.0,0.9329821706466443,0.0,""
"2025-12-16 05:11:49","7.1","/data/T1w_seg.nii.gz","866","4","",66.57893147005979,0.0,0.21244960172075644,0.0,20.254617381042532,0.0,5.950542062766884,0.0,14.244826580808466,0.0,0.9084851704439956,0.0,4.437344511084094,0.0,0.9479579147383399,0.0,""
"2025-12-16 05:11:49","7.1","/data/T1w_seg.nii.gz","867","4","",67.14498727125154,0.0,0.21512842382097433,0.0,20.15866590851644,0.0,5.888774554978727,0.0,14.355334403092419,0.0,0.9119183886304332,0.0,2.7368049075737173,0.0,0.9682147355759554,0.0,""
"2025-12-16 05:11:49","7.1","/data/T1w_seg.nii.gz","868","4","",67.08686958373276,0.0,0.21719489210183585,0.0,20.06304575255252,0.0,5.843366389768542,0.0,14.343423995124622,0.0,0.9132230018685413,0.0,2.3585733653634313,0.0,0.972329378754126,0.0,""
"2025-12-16 05:11:49","7.1","/data/T1w_seg.nii.gz","869","4","",66.09249166314818,0.0,0.21834282965366278,0.0,19.96792257143185,0.0,5.822497238425317,0.0,14.147886241779203,0.0,0.9113347076841549,0.0,3.963803915103292,0.0,0.952230755443129,0.0,""
"2025-12-16 05:11:49","7.1","/data/T1w_seg.nii.gz","870","4","",65.0981137425636,0.0,0.2194907672054897,0.0,19.87279939031118,0.0,5.801628087082092,0.0,13.952348488433783,0.0,0.9094464134997686,0.0,5.569034464843154,0.0,0.9321321321321321,0.0,""
"2025-12-16 05:11:49","7.1","/data/T1w_seg.nii.gz","871","3","",65.35924720801569,0.0,0.21857169840228344,0.0,19.646519186212217,0.0,5.935686288570102,0.0,13.934969017135941,0.0,0.9047419449831543,0.0,5.295958000374189,0.0,0.9232571763327475,0.0,""
"2025-12-16 05:11:49","7.1","/data/T1w_seg.nii.gz","872","3","",64.62497616981975,0.0,0.2171682239639845,0.0,19.578002107920714,0.0,5.940249581816395,0.0,13.751586982950448,0.0,0.901737042181369,0.0,4.72688823539079,0.0,0.9420115367725457,0.0,""
"2025-12-16 05:11:49","7.1","/data/T1w_seg.nii.gz","873","3","",63.890705131623804,0.0,0.21576474952568558,0.0,19.509485029629207,0.0,5.944812875062688,0.0,13.568204948764954,0.0,0.8987321393795837,0.0,4.157818470407392,0.0,0.9607658972123438,0.0,""
"2025-12-16 05:11:49","7.1","/data/T1w_seg.nii.gz","874","3","",63.156434093427855,0.0,0.21436127508738664,0.0,19.440967951337704,0.0,5.94937616830898,0.0,13.38482291457946,0.0,0.8957272365777984,0.0,3.588748705423993,0.0,0.9795202576521421,0.0,""
"2025-12-16 05:11:49","7.1","/data/T1w_seg.nii.gz","875","3","",63.74443426832331,0.0,0.21214132802180763,0.0,19.372910669610892,0.0,5.976565551167154,0.0,13.466868835805192,0.0,0.8960711195301121,0.0,4.057215158753417,0.0,0.973370844296571,0.0,""
"2025-12-16 05:11:49","7.1","/data/T1w_seg.nii.gz","876","3","",64.82828614812804,0.0,0.20961520372099857,0.0,19.305025811595836,0.0,6.0122397176297815,0.0,13.648450240310131,0.0,0.8976707971402128,0.0,4.9147576939501505,0.0,0.9578825157677363,0.0,""
"2025-12-16 05:11:49","7.1","/data/T1w_seg.nii.gz","877","3","",65.91213802793278,0.0,0.20708907942018953,0.0,19.237140953580784,0.0,6.047913884092409,0.0,13.830031644815072,0.0,0.8992704747503135,0.0,5.772300229146884,0.0,0.9423941872389017,0.0,""
"2025-12-16 05:11:49","7.1","/data/T1w_seg.nii.gz","878","3","",66.44150834784972,0.0,0.2040526581712558,0.0,19.169547095796,0.0,6.058400778308326,0.0,13.940991773379839,0.0,0.9006270112187135,0.0,5.82136162792081,0.0,0.9390979776363472,0.0,""
"2025-12-16 05:11:49","7.1","/data/T1w_seg.nii.gz","879","3","",66.30550079590131,0.0,0.2004038805845725,0.0,19.10230243828753,0.0,6.038662945828189,0.0,13.967206370816395,0.0,0.9016917783170723,0.0,4.900245662987364,0.0,0.9504323107453289,0.0,""
"2025-12-16 05:11:49","7.1","/data/T1w_seg.nii.gz","880","3","",66.1694932439529,0.0,0.1967551029978892,0.0,19.035057780779063,0.0,6.018925113348051,0.0,13.993420968252954,0.0,0.902756545415431,0.0,3.9791296980539177,0.0,0.9617666438543105,0.0,""
"2025-12-16 05:11:49","7.1","/data/T1w_seg.nii.gz","881","3","",65.9393549335997,0.0,0.1929022058079309,0.0,18.967930947857194,0.0,6.008517605460661,0.0,13.982635472380712,0.0,0.9029118381142883,0.0,3.3389019787430088,0.0,0.9699765212387663,0.0,""
"2025-12-16 05:11:49","7.1","/data/T1w_seg.nii.gz","882","3","",65.285628210425,0.0,0.1881307704032351,0.0,18.901334325575004,0.0,6.040096558240633,0.0,13.805349556618884,0.0,0.8989744960153887,0.0,3.962671364733518,0.0,0.9641263478628554,0.0,""
"2025-12-16 05:11:49","7.1","/data/T1w_seg.nii.gz","883","3","",64.6319014872503,0.0,0.18335933499853926,0.0,18.834737703292813,0.0,6.071675511020605,0.0,13.628063640857054,0.0,0.8950371539164892,0.0,4.586440750724027,0.0,0.9582761744869446,0.0,""
"2025-12-16 05:11:49","7.1","/data/T1w_seg.nii.gz","884","3","",63.978174764075604,0.0,0.17858789959384344,0.0,18.768141081010622,0.0,6.103254463800578,0.0,13.450777725095223,0.0,0.8910998118175896,0.0,5.210210136714536,0.0,0.9524260011110337,0.0,""
"2025-12-16 05:11:49","7.1","/data/T1w_seg.nii.gz","885","3","",63.9454179730612,0.0,0.17279586145386688,0.0,18.702140571387986,0.0,6.149519312988078,0.0,13.34753456061382,0.0,0.8874110633367266,0.0,5.372370846661894,0.0,0.9500633458610925,0.0,""
"2025-12-16 05:11:49","7.1","/data/T1w_seg.nii.gz","886","3","",63.97475817526283,0.0,0.16690176304036222,0.0,18.636199673031303,0.0,6.197252751816331,0.0,13.251695671260457,0.0,0.8837471742176671,0.0,5.4883706890049355,0.0,0.9480494424237484,0.0,""
"2025-12-16 05:11:49","7.1","/data/T1w_seg.nii.gz","887","3","",64.00409837746446,0.0,0.1610076646268576,0.0,18.570258774674624,0.0,6.244986190644584,0.0,13.155856781907094,0.0,0.8800832850986078,0.0,5.604370531347978,0.0,0.9460355389864042,0.0,""
"2025-12-16 05:11:49","7.1","/data/T1w_seg.nii.gz","888","3","",63.73252018113399,0.0,0.1543991409508529,0.0,18.5047399548273,0.0,6.222368203281213,0.0,13.137906076931728,0.0,0.8806769683003337,0.0,5.936688455968322,0.0,0.9533493927312395,0.0,""
"2025-12-16 05:11:49","7.1","/data/T1w_seg.nii.gz","889","3","",63.28898861421377,0.0,0.14738237426770529,0.0,18.43946232269961,0.0,6.1595494009511995,0.0,13.164462905886644,0.0,0.8837035499710799,0.0,6.392616713318553,0.0,0.9659933934373202,0.0,""
"2025-12-16 05:11:49","7.1","/data/T1w_seg.nii.gz","890","3","",62.84545704729355,0.0,0.14036560758455768,0.0,18.374184690571926,0.0,6.096730598621186,0.0,13.191019734841559,0.0,0.8867301316418261,0.0,6.848544970668783,0.0,0.9786373941434009,0.0,""
"2025-12-16 05:11:49","7.1","/data/T1w_seg.nii.gz","891","3","",62.66759959319125,0.0,0.13294059622017848,0.0,18.309150935496355,0.0,6.068243890944038,0.0,13.18331143737938,0.0,0.8877312981683406,0.0,7.15704930554008,0.0,0.9826619565380296,0.0,""
"2025-12-16 05:11:49","7.1","/data/T1w_seg.nii.gz","892","3","",62.95467183652031,0.0,0.12480115666364397,0.0,18.244543965261986,0.0,6.099838348909406,0.0,13.115639168687283,0.0,0.8851879881924496,0.0,7.207561776073246,0.0,0.9716025018876174,0.0,""
"2025-12-16 05:11:49","7.1","/data/T1w_seg.nii.gz","893","3","",63.241744079849376,0.0,0.11666171710710946,0.0,18.179936995027617,0.0,6.131432806874773,0.0,13.047966899995185,0.0,0.8826446782165586,0.0,7.2580742466064105,0.0,0.9605430472372052,0.0,""
"2025-12-16 05:11:49","7.1","/data/T1w_seg.nii.gz","894","3","",63.56655728006299,0.0,0.10842021610017501,0.0,18.115391653048164,0.0,6.165652803874211,0.0,12.98509608703866,0.0,0.8800709189444756,0.0,7.222551972505075,0.0,0.9508782087808374,0.0,""
"2025-12-16 05:11:49","7.1","/data/T1w_seg.nii.gz","895","3","",64.2687800491221,0.0,0.09915810058924104,0.0,18.051462593617867,0.0,6.226128191214353,0.0,12.970239831437874,0.0,0.8771926667104732,0.0,6.326682252058723,0.0,0.9551595322649139,0.0,""
"2025-12-16 05:11:49","7.1","/data/T1w_seg.nii.gz","896","3","",64.9710028181812,0.0,0.0898959850783071,0.0,17.987533534187566,0.0,6.2866035785544945,0.0,12.955383575837088,0.0,0.8743144144764708,0.0,5.430812531612371,0.0,0.9594408557489904,0.0,""
"2025-12-16 05:11:49","7.1","/data/T1w_seg.nii.gz","897","3","",65.67322558724032,0.0,0.08063386956737315,0.0,17.92360447475727,0.0,6.347078965894637,0.0,12.940527320236303,0.0,0.8714361622424684,0.0,4.53494281116602,0.0,0.9637221792330669,0.0,""
"2025-12-16 05:11:49","7.1","/data/T1w_seg.nii.gz","898","3","",65.34690390892115,0.0,0.07045320054946247,0.0,17.86023588048643,0.0,6.3394244013977525,0.0,12.85822197723918,0.0,0.8699895140755364,0.0,4.379935655314646,0.0,0.9648795418865712,0.0,""
"2025-12-16 05:11:49","7.1","/data/T1w_seg.nii.gz","899","3","",64.79201679785125,0.0,0.06006840853000143,0.0,17.796991834028805,0.0,6.3166298476037515,0.0,12.760927948153986,0.0,0.868861000145731,0.0,4.389564624928825,0.0,0.9653426910221706,0.0,""
"2025-12-16 05:11:49","7.1","/data/T1w_seg.nii.gz","900","3","",64.23712968678134,0.0,0.04968361651054038,0.0,17.733747787571183,0.0,6.29383529380975,0.0,12.66363391906879,0.0,0.8677324862159256,0.0,4.399193594543004,0.0,0.96580584015777,0.0,""
"2025-12-16 05:11:49","7.1","/data/T1w_seg.nii.gz","901","3","",63.76039262203982,0.0,0.03868645718574566,0.0,17.67088117849529,0.0,6.255621432061498,0.0,12.630282171331956,0.0,0.8686940153241091,0.0,4.764385312939454,0.0,0.9656216286073901,0.0,""
"2025-12-16 05:11:49","7.1","/data/T1w_seg.nii.gz","902","3","",63.34878059590527,0.0,0.027178991773172883,0.0,17.60832910057084,0.0,6.2045581470180355,0.0,12.650215658052089,0.0,0.87139724696395,0.0,5.425879321987799,0.0,0.964897949818694,0.0,""
"2025-12-16 05:11:49","7.1","/data/T1w_seg.nii.gz","903","3","",62.93716856977072,0.0,0.0156715263606001,0.0,17.545777022646398,0.0,6.153494861974573,0.0,12.670149144772221,0.0,0.8741004786037909,0.0,6.087373331036145,0.0,0.964174271029998,0.0,""
"2025-12-16 05:11:49","7.1","/data/T1w_seg.nii.gz","904","3","",63.02787288669521,0.0,0.003857879495206935,0.0,17.483415520468913,0.0,6.150280476748975,0.0,12.693826436709784,0.0,0.8747493229377161,0.0,6.366219730725514,0.0,0.9645852457091624,0.0,""
"2025-12-16 05:11:49","7.1","/data/T1w_seg.nii.gz","905","3","",64.45808745177712,0.0,-0.008772251244373915,0.0,17.421562220283327,0.0,6.274663157704349,0.0,12.727487209227165,0.0,0.869919801122533,0.0,5.624672505457617,0.0,0.9680219629692882,0.0,""
"2025-12-16 05:11:49","7.1","/data/T1w_seg.nii.gz","906","3","",65.88830201685901,0.0,-0.021402381983954763,0.0,17.359708920097745,0.0,6.399045838659722,0.0,12.761147981744546,0.0,0.8650902793073497,0.0,4.88312528018972,0.0,0.971458680229414,0.0,""
"2025-12-16 05:11:49","7.1","/data/T1w_seg.nii.gz","907","3","",67.31851658194093,0.0,-0.034032512723535614,0.0,17.29785561991216,0.0,6.523428519615096,0.0,12.794808754261927,0.0,0.8602607574921666,0.0,4.141578054921823,0.0,0.9748953974895398,0.0,""
"2025-12-16 05:11:49","7.1","/data/T1w_seg.nii.gz","908","2","",66.28572289631185,0.0,-0.07904161624054061,0.0,17.09773535335157,0.0,6.611845016105388,0.0,12.542732563458584,0.0,0.8497720339996295,0.0,2.669915473736945,0.0,0.9688622754491018,0.0,""
"2025-12-16 05:11:49","7.1","/data/T1w_seg.nii.gz","909","2","",62.53388136926022,0.0,-0.10176042447898047,0.0,17.00543325068894,0.0,6.347586795183838,0.0,12.368248557201051,0.0,0.8582120609993601,0.0,2.8445636824808322,0.0,0.9754132774123435,0.0,""
"2025-12-16 05:11:49","7.1","/data/T1w_seg.nii.gz","910","2","",58.78203984220859,0.0,-0.12447923271742033,0.0,16.91313114802631,0.0,6.0833285742622865,0.0,12.193764550943518,0.0,0.8666520879990905,0.0,3.0192118912247192,0.0,0.9819642793755854,0.0,""
"2025-12-16 05:11:49","7.1","/data/T1w_seg.nii.gz","911","2","",61.62174513529285,0.0,-0.1486676218764972,0.0,16.821769406565984,0.0,6.402872017206573,0.0,12.183959551598857,0.0,0.8498015268805875,0.0,3.2914545279610765,0.0,0.9777962881683364,0.0,""
"2025-12-16 05:11:49","7.1","/data/T1w_seg.nii.gz","912","2","",65.56004156506643,0.0,-0.17310094118901356,0.0,16.73056439197271,0.0,6.819715737461834,0.0,12.20160105340634,0.0,0.828735867742379,0.0,3.5799629026961783,0.0,0.9718417980993389,0.0,""
"2025-12-16 05:11:49","7.1","/data/T1w_seg.nii.gz","913","2","",66.79874747787531,0.0,-0.1987588638703148,0.0,16.640149806528193,0.0,6.928526687273959,0.0,12.236847650333596,0.0,0.8242465342249574,0.0,3.4825005769115815,0.0,0.9722366742614624,0.0,""
"2025-12-16 05:11:49","7.1","/data/T1w_seg.nii.gz","914","2","",66.95761718389832,0.0,-0.22490662789912996,0.0,16.550051392743175,0.0,6.914124528908831,0.0,12.279136285308757,0.0,0.8263877309558506,0.0,3.2306499709191057,0.0,0.9751712969160344,0.0,""
"2025-12-16 05:11:49","7.1","/data/T1w_seg.nii.gz","915","2","",65.80309556837622,0.0,-0.2520340249818566,0.0,16.460590632956055,0.0,6.894438013494221,0.0,12.113420345572568,0.0,0.8218519752915379,0.0,3.7289364054249585,0.0,0.971776123282181,0.0,""
"2025-12-16 05:11:49","7.1","/data/T1w_seg.nii.gz","916","2","",63.66353046169529,0.0,-0.27989614685501685,0.0,16.371608113667357,0.0,6.870788230292501,0.0,11.791700974802861,0.0,0.8123085053308206,0.0,4.789825620304558,0.0,0.9636336024320085,0.0,""
"2025-12-16 05:11:49","7.1","/data/T1w_seg.nii.gz","917","2","",62.407252836793525,0.0,-0.3084929461144858,0.0,16.283107724590927,0.0,6.846704229333903,0.0,11.611473905849078,0.0,0.8076494992765462,0.0,5.402636454531743,0.0,0.9626247386947471,0.0,""
"2025-12-16 05:11:49","7.1","/data/T1w_seg.nii.gz","918","2","",62.32869185426396,0.0,-0.3380693152223663,0.0,16.195250175797526,0.0,6.822041271366135,0.0,11.619903239316526,0.0,0.8095031117641953,0.0,5.418009447889041,0.0,0.9711274177747007,0.0,""
"2025-12-16 05:11:49","7.1","/data/T1w_seg.nii.gz","919","2","",62.39572731120019,0.0,-0.3681354298884145,0.0,16.10771657852088,0.0,6.81420006697242,0.0,11.628178101343764,0.0,0.8102991260348119,0.0,4.84594537499222,0.0,0.976192744559623,0.0,""
"2025-12-16 05:11:49","7.1","/data/T1w_seg.nii.gz","920","2","",62.82675386680091,0.0,-0.3994259084498823,0.0,16.020992860036124,0.0,6.848413246513837,0.0,11.636066784770476,0.0,0.808451144762847,0.0,2.805288636460105,0.0,0.9726646906069674,0.0,""
"2025-12-16 05:11:49","7.1","/data/T1w_seg.nii.gz","921","2","",63.435191769753175,0.0,-0.43096123570523137,0.0,15.934432352347836,0.0,6.870574087309004,0.0,11.686532881705736,0.0,0.8087314652869225,0.0,1.169813176155021,0.0,0.970416614286826,0.0,""
"2025-12-16 05:11:49","7.1","/data/T1w_seg.nii.gz","922","2","",65.10809775681476,0.0,-0.46396565512386817,0.0,15.84885110943837,0.0,6.820420895626678,0.0,11.992463459692281,0.0,0.8217815965872417,0.0,1.9654253852121335,0.0,0.9758484037617705,0.0,""
"2025-12-16 05:11:49","7.1","/data/T1w_seg.nii.gz","923","2","",66.78100374387634,0.0,-0.49697007454250497,0.0,15.763269866528901,0.0,6.770267703944352,0.0,12.298394037678829,0.0,0.8348317278875609,0.0,2.7610375942692458,0.0,0.981280193236715,0.0,""
"2025-12-16 05:11:49","7.1","/data/T1w_seg.nii.gz","924","2","",66.88527489618586,0.0,-0.5316882315533777,0.0,15.678839531682796,0.0,6.987757623543709,0.0,11.99471945007132,0.0,0.8109206969727152,0.0,1.7551143183011935,0.0,0.9730364473475313,0.0,""
"2025-12-16 05:11:49","7.1","/data/T1w_seg.nii.gz","925","2","",66.98954604849538,0.0,-0.5664063885642504,0.0,15.59440919683669,0.0,7.2052475431430665,0.0,11.691044862463812,0.0,0.7870096660578696,0.0,0.7491910423331412,0.0,0.9647927014583475,0.0,""
"2025-12-16 05:11:49","7.1","/data/T1w_seg.nii.gz","926","2","",66.00216896752471,0.0,-0.6025932560865794,0.0,15.510972401702556,0.0,7.068549542998519,0.0,11.66294876148878,0.0,0.7950445535091277,0.0,1.3723019225073387,0.0,0.9706218442731863,0.0,""
"2025-12-16 05:11:49","7.1","/data/T1w_seg.nii.gz","927","2","",64.83285051434068,0.0,-0.6390249086941513,0.0,15.42770119652042,0.0,6.872820222896656,0.0,11.680782408285829,0.0,0.80840376068807,0.0,2.2669184953719097,0.0,0.9787964685386955,0.0,""
"2025-12-16 05:11:49","7.1","/data/T1w_seg.nii.gz","928","2","",64.89256483567046,0.0,-0.6766802831590853,0.0,15.345263664470242,0.0,6.846593293465849,0.0,11.740693067664024,0.0,0.8123587904536319,0.0,2.1688462404129054,0.0,0.9813014326074071,0.0,""
"2025-12-16 05:11:49","7.1","/data/T1w_seg.nii.gz","929","2","",65.44389226680575,0.0,-0.7148251463669644,0.0,15.263159601672847,0.0,6.888167320303467,0.0,11.817434532074678,0.0,0.8125521492538418,0.0,1.6736984543244726,0.0,0.9815385325973995,0.0,""
"2025-12-16 05:11:49","7.1","/data/T1w_seg.nii.gz","930","2","",66.68102675647134,0.0,-0.7539487970751126,0.0,15.181726937928953,0.0,7.024649268461978,0.0,11.816142771835645,0.0,0.8036477535047077,0.0,1.896991784880949,0.0,0.978106988937192,0.0,""
"2025-12-16 05:11:49","7.1","/data/T1w_seg.nii.gz","931","2","",68.43251654003467,0.0,-0.7938065384084629,0.0,15.100797823475185,0.0,7.232312157611162,0.0,11.756326093109347,0.0,0.7879200418435658,0.0,2.6591159529211037,0.0,0.9719239625393341,0.0,""
"2025-12-16 05:11:49","7.1","/data/T1w_seg.nii.gz","932","2","",69.44492818584422,0.0,-0.8343982055224812,0.0,15.020375516062444,0.0,7.380370506401833,0.0,11.687938243256543,0.0,0.7752840492639707,0.0,2.480098519320726,0.0,0.9703170392825565,0.0,""
"2025-12-16 05:11:49","7.1","/data/T1w_seg.nii.gz","933","2","",69.47190231464873,0.0,-0.8759684403440566,0.0,14.940628951371071,0.0,7.448956134714489,0.0,11.608122165235061,0.0,0.7667703487931045,0.0,1.0462256168663155,0.0,0.9748115868805524,0.0,""
"2025-12-16 05:11:49","7.1","/data/T1w_seg.nii.gz","934","2","",69.326905273887,0.0,-0.9180278328225853,0.0,14.861222372096952,0.0,7.491067873586663,0.0,11.54469933022669,0.0,0.7608901662346553,0.0,0.1900847876391653,0.0,0.9776093294460642,0.0,""
"2025-12-16 05:11:49","7.1","/data/T1w_seg.nii.gz","935","2","",68.75198030920966,0.0,-0.961310119443497,0.0,14.782665756365965,0.0,7.466994888857629,0.0,11.522259602751094,0.0,0.7615937784572488,0.0,0.7782741414801714,0.0,0.9761650594303655,0.0,""
"2025-12-16 05:11:49","7.1","/data/T1w_seg.nii.gz","936","2","",68.1016110290817,0.0,-1.004836912916634,0.0,14.704280161827569,0.0,7.425460635773855,0.0,11.509148442310321,0.0,0.7639429021913947,0.0,1.2281860606801815,0.0,0.9744017151498107,0.0,""
"2025-12-16 05:11:49","7.1","/data/T1w_seg.nii.gz","937","2","",66.99857585624996,0.0,-1.0498307475031212,0.0,14.626920694444712,0.0,7.279158772561635,0.0,11.552008684078514,0.0,0.7761650949948556,0.0,0.8484333720342139,0.0,0.970723925280118,0.0,""
"2025-12-16 05:11:49","7.1","/data/T1w_seg.nii.gz","938","2","",65.89554068341823,0.0,-1.0948245820896088,0.0,14.549561227061853,0.0,7.132856909349414,0.0,11.594868925846704,0.0,0.7883872877983165,0.0,0.4686806833882462,0.0,0.9670461354104254,0.0,""
"2025-12-16 05:11:49","7.1","/data/T1w_seg.nii.gz","939","1","",69.49212591038663,0.0,-1.1949063205417516,0.0,14.386371262143715,0.0,7.775081343591242,0.0,11.339631714108343,0.0,0.7279202054964783,0.0,3.7889706162110706,0.0,0.9783722253841776,0.0,""
"2025-12-16 05:11:49","7.1","/data/T1w_seg.nii.gz","940","1","",68.67067247144067,0.0,-1.2352522736727152,0.0,14.323917629469914,0.0,7.705353941632099,0.0,11.324111283549184,0.0,0.7327560461750172,0.0,3.876833333416553,0.0,0.9783437956037879,0.0,""
"2025-12-16 05:11:49","7.1","/data/T1w_seg.nii.gz","941","1","",67.84921903249472,0.0,-1.2755982268036787,0.0,14.261463996796111,0.0,7.6356265396729555,0.0,11.308590852990026,0.0,0.7375918868535561,0.0,3.964696050622035,0.0,0.9783153658233982,0.0,""
"2025-12-16 05:11:49","7.1","/data/T1w_seg.nii.gz","942","1","",67.23232467391553,0.0,-1.316554754804219,0.0,14.19944521161915,0.0,7.558702456219665,0.0,11.31478229370815,0.0,0.7439948275446588,0.0,3.4896555138388674,0.0,0.9755546103736205,0.0,""
"2025-12-16 05:11:49","7.1","/data/T1w_seg.nii.gz","943","1","",66.8881757558254,0.0,-1.3583253826308612,0.0,14.138006223104643,0.0,7.472182797440844,0.0,11.349922896129321,0.0,0.7524872349191799,0.0,2.2640773050708316,0.0,0.9691507540313253,0.0,""
"2025-12-16 05:11:49","7.1","/data/T1w_seg.nii.gz","944","1","",66.54402683773527,0.0,-1.4000960104575035,0.0,14.076567234590135,0.0,7.385663138662023,0.0,11.385063498550492,0.0,0.760979642293701,0.0,1.0384990963027954,0.0,0.9627468976890302,0.0,""
"2025-12-16 05:11:49","7.1","/data/T1w_seg.nii.gz","945","1","",67.28307770850218,0.0,-1.443087211330227,0.0,14.016002530966736,0.0,7.537191350796045,0.0,11.320245728140849,0.0,0.745041470123625,0.0,1.0128507632548878,0.0,0.9623755805288444,0.0,""
"2025-12-16 05:11:49","7.1","/data/T1w_seg.nii.gz","946","1","",68.20266187741191,0.0,-1.4862818410439642,0.0,13.955583541491855,0.0,7.728394208082206,0.0,11.23876822892607,0.0,0.7250315346961161,0.0,1.1871907428270012,0.0,0.963009686565677,0.0,""
"2025-12-16 05:11:49","7.1","/data/T1w_seg.nii.gz","947","1","",68.85630066764054,0.0,-1.529883114634208,0.0,13.8954574658492,0.0,7.849543198321012,0.0,11.19285075454572,0.0,0.7127926193152808,0.0,1.8217688614554803,0.0,0.9655944317344868,0.0,""
"2025-12-16 05:11:49","7.1","/data/T1w_seg.nii.gz","948","1","",68.84507601116641,0.0,-1.5745009979157174,0.0,13.836063674787114,0.0,7.795557520941428,0.0,11.23583334225144,0.0,0.7199812540511292,0.0,3.606942327724878,0.0,0.9730557747332399,0.0,""
"2025-12-16 05:11:49","7.1","/data/T1w_seg.nii.gz","949","1","",68.83385135469229,0.0,-1.619118881197227,0.0,13.77666988372503,0.0,7.741571843561844,0.0,11.278815929957158,0.0,0.7271698887869777,0.0,5.392115793994275,0.0,0.980517117731993,0.0,""
"2025-12-16 05:11:49","7.1","/data/T1w_seg.nii.gz","950","1","",68.45892975241672,0.0,-1.6647527819822803,0.0,13.718011981687738,0.0,7.695728307970627,0.0,11.279613563310564,0.0,0.731087197127532,0.0,4.329760320712207,0.0,0.9783005574155423,0.0,""
"2025-12-16 05:11:49","7.1","/data/T1w_seg.nii.gz","951","1","",67.93852937182058,0.0,-1.7107930897687513,0.0,13.659648435260365,0.0,7.653141629094757,0.0,11.263537214923044,0.0,0.7336959749099684,0.0,2.1283932716095455,0.0,0.9722128357730101,0.0,""
"2025-12-16 05:11:49","7.1","/data/T1w_seg.nii.gz","952","1","",67.55582561426355,0.0,-1.7570364703135466,0.0,13.601432765990344,0.0,7.626420912304502,0.0,11.245285469629334,0.0,0.7348464236457996,0.0,0.29193078191773036,0.0,0.9673613876484872,0.0,""
"2025-12-16 05:11:49","7.1","/data/T1w_seg.nii.gz","953","1","",67.99930159494126,0.0,-1.8044982874082882,0.0,13.544104359664438,0.0,7.694895968027929,0.0,11.213981342898474,0.0,0.7272468981019983,0.0,0.6448956486910227,0.0,0.9699275806320202,0.0,""
"2025-12-16 05:11:49","7.1","/data/T1w_seg.nii.gz","954","1","",68.44277757561898,0.0,-1.8519601045030298,0.0,13.486775953338531,0.0,7.763371023751357,0.0,11.182677216167615,0.0,0.719647372558197,0.0,0.9978605154643156,0.0,0.9724937736155532,0.0,""
"2025-12-16 05:11:49","7.1","/data/T1w_seg.nii.gz","955","1","",68.6054170712828,0.0,-1.900233637273373,0.0,13.430041768295187,0.0,7.791766669238103,0.0,11.159250897904114,0.0,0.7158604161217925,0.0,1.4274282061384977,0.0,0.9738228091789006,0.0,""
"2025-12-16 05:11:49","7.1","/data/T1w_seg.nii.gz","956","1","",68.55742920318623,0.0,-1.9491159568004168,0.0,13.373753249213767,0.0,7.790102757047338,0.0,11.14173293599113,0.0,0.7149328865159359,0.0,1.914448014738346,0.0,0.9742239766771089,0.0,""
"2025-12-16 05:11:49","7.1","/data/T1w_seg.nii.gz","957","1","",68.50944133508966,0.0,-1.9979982763274609,0.0,13.317464730132345,0.0,7.788438844856573,0.0,11.124214974078145,0.0,0.7140053569100792,0.0,2.401467823338196,0.0,0.9746251441753172,0.0,""
"2025-12-16 05:11:49","7.1","/data/T1w_seg.nii.gz","958","1","",68.9648293072963,0.0,-2.048299994034041,0.0,13.262220699576648,0.0,7.82810951767642,0.0,11.134830504244253,0.0,0.7111406999867541,0.0,1.5746401384562743,0.0,0.9765022760827852,0.0,""
"2025-12-16 05:11:49","7.1","/data/T1w_seg.nii.gz","959","1","",69.42021727950294,0.0,-2.0986017117406215,0.0,13.20697666902095,0.0,7.867780190496268,0.0,11.145446034410362,0.0,0.7082760430634292,0.0,0.7478124535743498,0.0,0.9783794079902531,0.0,""
"2025-12-16 05:11:49","7.1","/data/T1w_seg.nii.gz","960","1","",69.87549553293765,0.0,-2.149511225462993,0.0,13.152182186936535,0.0,7.918700145374064,0.0,11.136221919772652,0.0,0.7029923437541864,0.0,0.29190509066997616,0.0,0.9773149770673656,0.0,""
"2025-12-16 05:11:49","7.1","/data/T1w_seg.nii.gz","961","1","",70.33062749467646,0.0,-2.2012311338730868,0.0,13.097987102813828,0.0,7.984619142995793,0.0,11.100544945396514,0.0,0.6944832545970533,0.0,0.3305581570690016,0.0,0.9723284623706706,0.0,""
"2025-12-16 05:11:49","7.1","/data/T1w_seg.nii.gz","962","1","",70.78575945641529,0.0,-2.252951042283181,0.0,13.043792018691121,0.0,8.050538140617522,0.0,11.064867971020377,0.0,0.6859741654399202,0.0,0.36921122346802715,0.0,0.9673419476739756,0.0,""
"2025-12-16 05:11:49","7.1","/data/T1w_seg.nii.gz","963","1","",72.05168019680262,0.0,-2.3058854141323724,0.0,12.990499731832958,0.0,8.244698772601591,0.0,11.00887602266223,0.0,0.6609664778196808,0.0,0.3989546058482918,0.0,0.9708011872966398,0.0,""
"2025-12-16 05:11:49","7.1","/data/T1w_seg.nii.gz","964","1","",73.45273240029803,0.0,-2.3590221965547467,0.0,12.937357911185552,0.0,8.460233010312717,0.0,10.949498245307083,0.0,0.6332090237889235,0.0,0.4272130408920962,0.0,0.975668052639197,0.0,""
"2025-12-16 05:11:49","7.1","/data/T1w_seg.nii.gz","965","1","",74.3310278804578,0.0,-2.4125633909691713,0.0,12.884518216874834,0.0,8.577188274542182,0.0,10.925972634375766,0.0,0.6190223098783073,0.0,0.6737928580968657,0.0,0.9782114047234179,0.0,""
"2025-12-16 05:11:49","7.1","/data/T1w_seg.nii.gz","966","1","",73.90243155227839,0.0,-2.4671156153637197,0.0,12.83243383840583,0.0,8.447696105067488,0.0,10.992077439504033,0.0,0.638762446268044,0.0,1.4661761307040555,0.0,0.974945973661798,0.0,""
"2025-12-16 05:11:49","7.1","/data/T1w_seg.nii.gz","967","1","",73.47383522409898,0.0,-2.521667839758268,0.0,12.780349459936826,0.0,8.318203935592793,0.0,11.0581822446323,0.0,0.6585025826577807,0.0,2.2585594033112453,0.0,0.9716805426001781,0.0,""
"2025-12-16 05:11:49","7.1","/data/T1w_seg.nii.gz","968","1","",72.64330884161726,0.0,-2.577229984375598,0.0,12.72902328509661,0.0,8.223903864125107,0.0,11.038009215773236,0.0,0.6669950910040576,0.0,3.5305783515393547,0.0,0.9732075170570164,0.0,""
"2025-12-16 05:11:49","7.1","/data/T1w_seg.nii.gz","969","1","",71.65201043741462,0.0,-2.6331960970820405,0.0,12.678000391707908,0.0,8.143680631860226,0.0,10.983325053319238,0.0,0.6709885481329505,0.0,4.994451570015829,0.0,0.9766514537212378,0.0,""
"2025-12-16 05:11:49","7.1","/data/T1w_seg.nii.gz","970","1","",71.0655596306265,0.0,-2.6893639535923315,0.0,12.627129697565922,0.0,8.107981921442398,0.0,10.934368595435222,0.0,0.6706079736867026,0.0,6.079176164527103,0.0,0.9795026288732124,0.0,""
"2025-12-16 05:11:49","7.1","/data/T1w_seg.nii.gz","971","1","",72.90819440832556,0.0,-2.746742272925716,0.0,12.577172198904227,0.0,8.339430342106896,0.0,10.919778364971096,0.0,0.6439832097896093,0.0,4.889009015247084,0.0,0.9787972349517046,0.0,""
"2025-12-16 05:11:49","7.1","/data/T1w_seg.nii.gz","972","1","",74.75082918602463,0.0,-2.8041205922591006,0.0,12.527214700242533,0.0,8.570878762771393,0.0,10.905188134506972,0.0,0.617358445892516,0.0,3.698841865967065,0.0,0.9780918410301968,0.0,""
"2025-12-16 05:11:49","7.1","/data/T1w_seg.nii.gz","973","1","",75.25419645249289,0.0,-2.8623048489549943,0.0,12.477868157962696,0.0,8.665085167765447,0.0,10.862738623790833,0.0,0.6029856124983018,0.0,3.1421674200999496,0.0,0.9789954174914479,0.0,""
"2025-12-16 05:11:49","7.1","/data/T1w_seg.nii.gz","974","1","",74.75311308553805,0.0,-2.921093558672771,0.0,12.428979832969254,0.0,8.65636006100667,0.0,10.799394652885685,0.0,0.597801726981247,0.0,3.0606125017925123,0.0,0.9811057217397683,0.0,""
"2025-12-16 05:11:49","7.1","/data/T1w_seg.nii.gz","975","1","",74.25202971858319,0.0,-2.9798822683905475,0.0,12.380091507975811,0.0,8.647634954247891,0.0,10.736050681980535,0.0,0.5926178414641922,0.0,2.9790575834850754,0.0,0.9832160259880888,0.0,""
"2025-12-16 05:11:49","7.1","/data/T1w_seg.nii.gz","976","1","","","","","","","","","","","","","","","","","",""
"2025-12-16 05:11:49","7.1","/data/T1w_seg.nii.gz","977","1","","","","","","","","","","","","","","","","","",""
"2025-12-16 05:11:49","7.1","/data/T1w_seg.nii.gz","978","1","","","","","","","","","","","","","","","","","",""
"2025-12-16 05:11:49","7.1","/data/T1w_seg.nii.gz","979","1","","","","","","","","","","","","","","","","","",""
"2025-12-16 05:11:49","7.1","/data/T1w_seg.nii.gz","980","1","","","","","","","","","","","","","","","","","",""
"2025-12-16 05:11:49","7.1","/data/T1w_seg.nii.gz","981","1","","","","","","","","","","","","","","","","","",""
"2025-12-16 05:11:49","7.1","/data/T1w_seg.nii.gz","982","1","","","","","","","","","","","","","","","","","",""
"2025-12-16 05:11:49","7.1","/data/T1w_seg.nii.gz","983","1","","","","","","","","","","","","","","","","","",""
"2025-12-16 05:11:49","7.1","/data/T1w_seg.nii.gz","984","1","","","","","","","","","","","","","","","","","",""
