Timestamp,SCT Version,Filename,Slice (I->S),VertLevel,DistancePMJ,MEAN(area),STD(area),MEAN(angle_AP),STD(angle_AP),MEAN(angle_RL),STD(angle_RL),MEAN(diameter_AP),STD(diameter_AP),MEAN(diameter_RL),STD(diameter_RL),MEAN(eccentricity),STD(eccentricity),MEAN(orientation),STD(orientation),MEAN(solidity),STD(solidity),SUM(length)
"2025-12-16 10:19:24","7.1","/data/T1w_seg.nii.gz","40","20","","","","","","","","","","","","","","","","","",""
"2025-12-16 10:19:24","7.1","/data/T1w_seg.nii.gz","41","20","","","","","","","","","","","","","","","","","",""
"2025-12-16 10:19:24","7.1","/data/T1w_seg.nii.gz","42","20","","","","","","","","","","","","","","","","","",""
"2025-12-16 10:19:24","7.1","/data/T1w_seg.nii.gz","43","20","","","","","","","","","","","","","","","","","",""
"2025-12-16 10:19:24","7.1","/data/T1w_seg.nii.gz","44","20","","","","","","","","","","","","","","","","","",""
"2025-12-16 10:19:24","7.1","/data/T1w_seg.nii.gz","45","20","","","","","","","","","","","","","","","","","",""
"2025-12-16 10:19:24","7.1","/data/T1w_seg.nii.gz","46","20","","","","","","","","","","","","","","","","","",""
"2025-12-16 10:19:24","7.1","/data/T1w_seg.nii.gz","47","20","","","","","","","","","","","","","","","","","",""
"2025-12-16 10:19:24","7.1","/data/T1w_seg.nii.gz","48","20","","","","","","","","","","","","","","","","","",""
"2025-12-16 10:19:24","7.1","/data/T1w_seg.nii.gz","49","20","","","","","","","","","","","","","","","","","",""
"2025-12-16 10:19:24","7.1","/data/T1w_seg.nii.gz","50","20","","","","","","","","","","","","","","","","","",""
"2025-12-16 10:19:24","7.1","/data/T1w_seg.nii.gz","51","20","","","","","","","","","","","","","","","","","",""
"2025-12-16 10:19:24","7.1","/data/T1w_seg.nii.gz","52","20","","","","","","","","","","","","","","","","","",""
"2025-12-16 10:19:24","7.1","/data/T1w_seg.nii.gz","53","20","","","","","","","","","","","","","","","","","",""
"2025-12-16 10:19:24","7.1","/data/T1w_seg.nii.gz","54","20","","","","","","","","","","","","","","","","","",""
"2025-12-16 10:19:24","7.1","/data/T1w_seg.nii.gz","55","20","","","","","","","","","","","","","","","","","",""
"2025-12-16 10:19:24","7.1","/data/T1w_seg.nii.gz","56","20","","","","","","","","","","","","","","","","","",""
"2025-12-16 10:19:24","7.1","/data/T1w_seg.nii.gz","57","20","","","","","","","","","","","","","","","","","",""
"2025-12-16 10:19:24","7.1","/data/T1w_seg.nii.gz","58","20","","","","","","","","","","","","","","","","","",""
"2025-12-16 10:19:24","7.1","/data/T1w_seg.nii.gz","59","20","","","","","","","","","","","","","","","","","",""
"2025-12-16 10:19:24","7.1","/data/T1w_seg.nii.gz","60","20","","","","","","","","","","","","","","","","","",""
"2025-12-16 10:19:24","7.1","/data/T1w_seg.nii.gz","61","20","","","","","","","","","","","","","","","","","",""
"2025-12-16 10:19:24","7.1","/data/T1w_seg.nii.gz","62","20","","","","","","","","","","","","","","","","","",""
"2025-12-16 10:19:24","7.1","/data/T1w_seg.nii.gz","63","20","","","","","","","","","","","","","","","","","",""
"2025-12-16 10:19:24","7.1","/data/T1w_seg.nii.gz","64","20","","","","","","","","","","","","","","","","","",""
"2025-12-16 10:19:24","7.1","/data/T1w_seg.nii.gz","65","20","","","","","","","","","","","","","","","","","",""
"2025-12-16 10:19:24","7.1","/data/T1w_seg.nii.gz","66","20","","","","","","","","","","","","","","","","","",""
"2025-12-16 10:19:24","7.1","/data/T1w_seg.nii.gz","67","20","","","","","","","","","","","","","","","","","",""
"2025-12-16 10:19:24","7.1","/data/T1w_seg.nii.gz","68","20","","","","","","","","","","","","","","","","","",""
"2025-12-16 10:19:24","7.1","/data/T1w_seg.nii.gz","69","20","","","","","","","","","","","","","","","","","",""
"2025-12-16 10:19:24","7.1","/data/T1w_seg.nii.gz","70","20","","","","","","","","","","","","","","","","","",""
"2025-12-16 10:19:24","7.1","/data/T1w_seg.nii.gz","71","20","","","","","","","","","","","","","","","","","",""
"2025-12-16 10:19:24","7.1","/data/T1w_seg.nii.gz","72","20","","","","","","","","","","","","","","","","","",""
"2025-12-16 10:19:24","7.1","/data/T1w_seg.nii.gz","73","20","","","","","","","","","","","","","","","","","",""
"2025-12-16 10:19:24","7.1","/data/T1w_seg.nii.gz","74","20","","","","","","","","","","","","","","","","","",""
"2025-12-16 10:19:24","7.1","/data/T1w_seg.nii.gz","75","20","","","","","","","","","","","","","","","","","",""
"2025-12-16 10:19:24","7.1","/data/T1w_seg.nii.gz","76","20","","","","","","","","","","","","","","","","","",""
"2025-12-16 10:19:24","7.1","/data/T1w_seg.nii.gz","77","20","","","","","","","","","","","","","","","","","",""
"2025-12-16 10:19:24","7.1","/data/T1w_seg.nii.gz","78","20","","","","","","","","","","","","","","","","","",""
"2025-12-16 10:19:24","7.1","/data/T1w_seg.nii.gz","79","20","","","","","","","","","","","","","","","","","",""
"2025-12-16 10:19:24","7.1","/data/T1w_seg.nii.gz","80","20","","","","","","","","","","","","","","","","","",""
"2025-12-16 10:19:24","7.1","/data/T1w_seg.nii.gz","81","20","","","","","","","","","","","","","","","","","",""
"2025-12-16 10:19:24","7.1","/data/T1w_seg.nii.gz","82","20","","","","","","","","","","","","","","","","","",""
"2025-12-16 10:19:24","7.1","/data/T1w_seg.nii.gz","83","20","","","","","","","","","","","","","","","","","",""
"2025-12-16 10:19:24","7.1","/data/T1w_seg.nii.gz","84","20","","","","","","","","","","","","","","","","","",""
"2025-12-16 10:19:24","7.1","/data/T1w_seg.nii.gz","85","20","","","","","","","","","","","","","","","","","",""
"2025-12-16 10:19:24","7.1","/data/T1w_seg.nii.gz","86","20","","","","","","","","","","","","","","","","","",""
"2025-12-16 10:19:24","7.1","/data/T1w_seg.nii.gz","87","20","","","","","","","","","","","","","","","","","",""
"2025-12-16 10:19:24","7.1","/data/T1w_seg.nii.gz","88","20","","","","","","","","","","","","","","","","","",""
"2025-12-16 10:19:24","7.1","/data/T1w_seg.nii.gz","89","20","","","","","","","","","","","","","","","","","",""
"2025-12-16 10:19:24","7.1","/data/T1w_seg.nii.gz","90","20","","","","","","","","","","","","","","","","","",""
"2025-12-16 10:19:24","7.1","/data/T1w_seg.nii.gz","91","20","","","","","","","","","","","","","","","","","",""
"2025-12-16 10:19:24","7.1","/data/T1w_seg.nii.gz","92","20","","","","","","","","","","","","","","","","","",""
"2025-12-16 10:19:24","7.1","/data/T1w_seg.nii.gz","93","20","","","","","","","","","","","","","","","","","",""
"2025-12-16 10:19:24","7.1","/data/T1w_seg.nii.gz","94","20","","","","","","","","","","","","","","","","","",""
"2025-12-16 10:19:24","7.1","/data/T1w_seg.nii.gz","95","20","","","","","","","","","","","","","","","","","",""
"2025-12-16 10:19:24","7.1","/data/T1w_seg.nii.gz","96","20","","","","","","","","","","","","","","","","","",""
"2025-12-16 10:19:24","7.1","/data/T1w_seg.nii.gz","97","20","","","","","","","","","","","","","","","","","",""
"2025-12-16 10:19:24","7.1","/data/T1w_seg.nii.gz","98","20","","","","","","","","","","","","","","","","","",""
"2025-12-16 10:19:24","7.1","/data/T1w_seg.nii.gz","99","20","","","","","","","","","","","","","","","","","",""
"2025-12-16 10:19:24","7.1","/data/T1w_seg.nii.gz","100","20","","","","","","","","","","","","","","","","","",""
"2025-12-16 10:19:24","7.1","/data/T1w_seg.nii.gz","101","20","","","","","","","","","","","","","","","","","",""
"2025-12-16 10:19:24","7.1","/data/T1w_seg.nii.gz","102","20","","","","","","","","","","","","","","","","","",""
"2025-12-16 10:19:24","7.1","/data/T1w_seg.nii.gz","103","20","","","","","","","","","","","","","","","","","",""
"2025-12-16 10:19:24","7.1","/data/T1w_seg.nii.gz","104","20","","","","","","","","","","","","","","","","","",""
"2025-12-16 10:19:24","7.1","/data/T1w_seg.nii.gz","105","20","","","","","","","","","","","","","","","","","",""
"2025-12-16 10:19:24","7.1","/data/T1w_seg.nii.gz","106","19","","","","","","","","","","","","","","","","","",""
"2025-12-16 10:19:24","7.1","/data/T1w_seg.nii.gz","107","19","","","","","","","","","","","","","","","","","",""
"2025-12-16 10:19:24","7.1","/data/T1w_seg.nii.gz","108","19","","","","","","","","","","","","","","","","","",""
"2025-12-16 10:19:24","7.1","/data/T1w_seg.nii.gz","109","19","","","","","","","","","","","","","","","","","",""
"2025-12-16 10:19:24","7.1","/data/T1w_seg.nii.gz","110","19","","","","","","","","","","","","","","","","","",""
"2025-12-16 10:19:24","7.1","/data/T1w_seg.nii.gz","111","19","","","","","","","","","","","","","","","","","",""
"2025-12-16 10:19:24","7.1","/data/T1w_seg.nii.gz","112","19","","","","","","","","","","","","","","","","","",""
"2025-12-16 10:19:24","7.1","/data/T1w_seg.nii.gz","113","19","","","","","","","","","","","","","","","","","",""
"2025-12-16 10:19:24","7.1","/data/T1w_seg.nii.gz","114","19","","","","","","","","","","","","","","","","","",""
"2025-12-16 10:19:24","7.1","/data/T1w_seg.nii.gz","115","19","","","","","","","","","","","","","","","","","",""
"2025-12-16 10:19:24","7.1","/data/T1w_seg.nii.gz","116","19","","","","","","","","","","","","","","","","","",""
"2025-12-16 10:19:24","7.1","/data/T1w_seg.nii.gz","117","19","","","","","","","","","","","","","","","","","",""
"2025-12-16 10:19:24","7.1","/data/T1w_seg.nii.gz","118","19","","","","","","","","","","","","","","","","","",""
"2025-12-16 10:19:24","7.1","/data/T1w_seg.nii.gz","119","19","","","","","","","","","","","","","","","","","",""
"2025-12-16 10:19:24","7.1","/data/T1w_seg.nii.gz","120","19","","","","","","","","","","","","","","","","","",""
"2025-12-16 10:19:24","7.1","/data/T1w_seg.nii.gz","121","19","","","","","","","","","","","","","","","","","",""
"2025-12-16 10:19:24","7.1","/data/T1w_seg.nii.gz","122","19","","","","","","","","","","","","","","","","","",""
"2025-12-16 10:19:24","7.1","/data/T1w_seg.nii.gz","123","19","","","","","","","","","","","","","","","","","",""
"2025-12-16 10:19:24","7.1","/data/T1w_seg.nii.gz","124","19","","","","","","","","","","","","","","","","","",""
"2025-12-16 10:19:24","7.1","/data/T1w_seg.nii.gz","125","19","","","","","","","","","","","","","","","","","",""
"2025-12-16 10:19:24","7.1","/data/T1w_seg.nii.gz","126","19","","","","","","","","","","","","","","","","","",""
"2025-12-16 10:19:24","7.1","/data/T1w_seg.nii.gz","127","19","","","","","","","","","","","","","","","","","",""
"2025-12-16 10:19:24","7.1","/data/T1w_seg.nii.gz","128","19","","","","","","","","","","","","","","","","","",""
"2025-12-16 10:19:24","7.1","/data/T1w_seg.nii.gz","129","19","","","","","","","","","","","","","","","","","",""
"2025-12-16 10:19:24","7.1","/data/T1w_seg.nii.gz","130","19","","","","","","","","","","","","","","","","","",""
"2025-12-16 10:19:24","7.1","/data/T1w_seg.nii.gz","131","19","","","","","","","","","","","","","","","","","",""
"2025-12-16 10:19:24","7.1","/data/T1w_seg.nii.gz","132","19","","","","","","","","","","","","","","","","","",""
"2025-12-16 10:19:24","7.1","/data/T1w_seg.nii.gz","133","19","","","","","","","","","","","","","","","","","",""
"2025-12-16 10:19:24","7.1","/data/T1w_seg.nii.gz","134","19","","","","","","","","","","","","","","","","","",""
"2025-12-16 10:19:24","7.1","/data/T1w_seg.nii.gz","135","19","","","","","","","","","","","","","","","","","",""
"2025-12-16 10:19:24","7.1","/data/T1w_seg.nii.gz","136","19","","","","","","","","","","","","","","","","","",""
"2025-12-16 10:19:24","7.1","/data/T1w_seg.nii.gz","137","19","","","","","","","","","","","","","","","","","",""
"2025-12-16 10:19:24","7.1","/data/T1w_seg.nii.gz","138","19","","","","","","","","","","","","","","","","","",""
"2025-12-16 10:19:24","7.1","/data/T1w_seg.nii.gz","139","19","","","","","","","","","","","","","","","","","",""
"2025-12-16 10:19:24","7.1","/data/T1w_seg.nii.gz","140","19","","","","","","","","","","","","","","","","","",""
"2025-12-16 10:19:24","7.1","/data/T1w_seg.nii.gz","141","19","","","","","","","","","","","","","","","","","",""
"2025-12-16 10:19:24","7.1","/data/T1w_seg.nii.gz","142","19","","","","","","","","","","","","","","","","","",""
"2025-12-16 10:19:24","7.1","/data/T1w_seg.nii.gz","143","19","","","","","","","","","","","","","","","","","",""
"2025-12-16 10:19:24","7.1","/data/T1w_seg.nii.gz","144","19","","","","","","","","","","","","","","","","","",""
"2025-12-16 10:19:24","7.1","/data/T1w_seg.nii.gz","145","19","","","","","","","","","","","","","","","","","",""
"2025-12-16 10:19:24","7.1","/data/T1w_seg.nii.gz","146","19","","","","","","","","","","","","","","","","","",""
"2025-12-16 10:19:24","7.1","/data/T1w_seg.nii.gz","147","19","","","","","","","","","","","","","","","","","",""
"2025-12-16 10:19:24","7.1","/data/T1w_seg.nii.gz","148","19","","","","","","","","","","","","","","","","","",""
"2025-12-16 10:19:24","7.1","/data/T1w_seg.nii.gz","149","19","","","","","","","","","","","","","","","","","",""
"2025-12-16 10:19:24","7.1","/data/T1w_seg.nii.gz","150","19","","","","","","","","","","","","","","","","","",""
"2025-12-16 10:19:24","7.1","/data/T1w_seg.nii.gz","151","19","","","","","","","","","","","","","","","","","",""
"2025-12-16 10:19:24","7.1","/data/T1w_seg.nii.gz","152","19","","","","","","","","","","","","","","","","","",""
"2025-12-16 10:19:24","7.1","/data/T1w_seg.nii.gz","153","19","","","","","","","","","","","","","","","","","",""
"2025-12-16 10:19:24","7.1","/data/T1w_seg.nii.gz","154","19","","","","","","","","","","","","","","","","","",""
"2025-12-16 10:19:24","7.1","/data/T1w_seg.nii.gz","155","19","","","","","","","","","","","","","","","","","",""
"2025-12-16 10:19:24","7.1","/data/T1w_seg.nii.gz","156","19","","","","","","","","","","","","","","","","","",""
"2025-12-16 10:19:24","7.1","/data/T1w_seg.nii.gz","157","19","","","","","","","","","","","","","","","","","",""
"2025-12-16 10:19:24","7.1","/data/T1w_seg.nii.gz","158","19","","","","","","","","","","","","","","","","","",""
"2025-12-16 10:19:24","7.1","/data/T1w_seg.nii.gz","159","19","","","","","","","","","","","","","","","","","",""
"2025-12-16 10:19:24","7.1","/data/T1w_seg.nii.gz","160","19","","","","","","","","","","","","","","","","","",""
"2025-12-16 10:19:24","7.1","/data/T1w_seg.nii.gz","161","19","","","","","","","","","","","","","","","","","",""
"2025-12-16 10:19:24","7.1","/data/T1w_seg.nii.gz","162","19","","","","","","","","","","","","","","","","","",""
"2025-12-16 10:19:24","7.1","/data/T1w_seg.nii.gz","163","19","","","","","","","","","","","","","","","","","",""
"2025-12-16 10:19:24","7.1","/data/T1w_seg.nii.gz","164","19","","","","","","","","","","","","","","","","","",""
"2025-12-16 10:19:24","7.1","/data/T1w_seg.nii.gz","165","19","","","","","","","","","","","","","","","","","",""
"2025-12-16 10:19:24","7.1","/data/T1w_seg.nii.gz","166","19","","","","","","","","","","","","","","","","","",""
"2025-12-16 10:19:24","7.1","/data/T1w_seg.nii.gz","167","19","","","","","","","","","","","","","","","","","",""
"2025-12-16 10:19:24","7.1","/data/T1w_seg.nii.gz","168","19","","","","","","","","","","","","","","","","","",""
"2025-12-16 10:19:24","7.1","/data/T1w_seg.nii.gz","169","18","","","","","","","","","","","","","","","","","",""
"2025-12-16 10:19:24","7.1","/data/T1w_seg.nii.gz","170","18","","","","","","","","","","","","","","","","","",""
"2025-12-16 10:19:24","7.1","/data/T1w_seg.nii.gz","171","18","","","","","","","","","","","","","","","","","",""
"2025-12-16 10:19:24","7.1","/data/T1w_seg.nii.gz","172","18","","","","","","","","","","","","","","","","","",""
"2025-12-16 10:19:24","7.1","/data/T1w_seg.nii.gz","173","18","","","","","","","","","","","","","","","","","",""
"2025-12-16 10:19:24","7.1","/data/T1w_seg.nii.gz","174","18","","","","","","","","","","","","","","","","","",""
"2025-12-16 10:19:24","7.1","/data/T1w_seg.nii.gz","175","18","","","","","","","","","","","","","","","","","",""
"2025-12-16 10:19:24","7.1","/data/T1w_seg.nii.gz","176","18","","","","","","","","","","","","","","","","","",""
"2025-12-16 10:19:24","7.1","/data/T1w_seg.nii.gz","177","18","","","","","","","","","","","","","","","","","",""
"2025-12-16 10:19:24","7.1","/data/T1w_seg.nii.gz","178","18","","","","","","","","","","","","","","","","","",""
"2025-12-16 10:19:24","7.1","/data/T1w_seg.nii.gz","179","18","","","","","","","","","","","","","","","","","",""
"2025-12-16 10:19:24","7.1","/data/T1w_seg.nii.gz","180","18","","","","","","","","","","","","","","","","","",""
"2025-12-16 10:19:24","7.1","/data/T1w_seg.nii.gz","181","18","","","","","","","","","","","","","","","","","",""
"2025-12-16 10:19:24","7.1","/data/T1w_seg.nii.gz","182","18","","","","","","","","","","","","","","","","","",""
"2025-12-16 10:19:24","7.1","/data/T1w_seg.nii.gz","183","18","","","","","","","","","","","","","","","","","",""
"2025-12-16 10:19:24","7.1","/data/T1w_seg.nii.gz","184","18","","","","","","","","","","","","","","","","","",""
"2025-12-16 10:19:24","7.1","/data/T1w_seg.nii.gz","185","18","","","","","","","","","","","","","","","","","",""
"2025-12-16 10:19:24","7.1","/data/T1w_seg.nii.gz","186","18","","","","","","","","","","","","","","","","","",""
"2025-12-16 10:19:24","7.1","/data/T1w_seg.nii.gz","187","18","","","","","","","","","","","","","","","","","",""
"2025-12-16 10:19:24","7.1","/data/T1w_seg.nii.gz","188","18","","","","","","","","","","","","","","","","","",""
"2025-12-16 10:19:24","7.1","/data/T1w_seg.nii.gz","189","18","","","","","","","","","","","","","","","","","",""
"2025-12-16 10:19:24","7.1","/data/T1w_seg.nii.gz","190","18","","","","","","","","","","","","","","","","","",""
"2025-12-16 10:19:24","7.1","/data/T1w_seg.nii.gz","191","18","","","","","","","","","","","","","","","","","",""
"2025-12-16 10:19:24","7.1","/data/T1w_seg.nii.gz","192","18","","","","","","","","","","","","","","","","","",""
"2025-12-16 10:19:24","7.1","/data/T1w_seg.nii.gz","193","18","","","","","","","","","","","","","","","","","",""
"2025-12-16 10:19:24","7.1","/data/T1w_seg.nii.gz","194","18","","","","","","","","","","","","","","","","","",""
"2025-12-16 10:19:24","7.1","/data/T1w_seg.nii.gz","195","18","","","","","","","","","","","","","","","","","",""
"2025-12-16 10:19:24","7.1","/data/T1w_seg.nii.gz","196","18","","","","","","","","","","","","","","","","","",""
"2025-12-16 10:19:24","7.1","/data/T1w_seg.nii.gz","197","18","","","","","","","","","","","","","","","","","",""
"2025-12-16 10:19:24","7.1","/data/T1w_seg.nii.gz","198","18","","","","","","","","","","","","","","","","","",""
"2025-12-16 10:19:24","7.1","/data/T1w_seg.nii.gz","199","18","","","","","","","","","","","","","","","","","",""
"2025-12-16 10:19:24","7.1","/data/T1w_seg.nii.gz","200","18","","","","","","","","","","","","","","","","","",""
"2025-12-16 10:19:24","7.1","/data/T1w_seg.nii.gz","201","18","","","","","","","","","","","","","","","","","",""
"2025-12-16 10:19:24","7.1","/data/T1w_seg.nii.gz","202","18","","","","","","","","","","","","","","","","","",""
"2025-12-16 10:19:24","7.1","/data/T1w_seg.nii.gz","203","18","","","","","","","","","","","","","","","","","",""
"2025-12-16 10:19:24","7.1","/data/T1w_seg.nii.gz","204","18","","","","","","","","","","","","","","","","","",""
"2025-12-16 10:19:24","7.1","/data/T1w_seg.nii.gz","205","18","","","","","","","","","","","","","","","","","",""
"2025-12-16 10:19:24","7.1","/data/T1w_seg.nii.gz","206","18","","","","","","","","","","","","","","","","","",""
"2025-12-16 10:19:24","7.1","/data/T1w_seg.nii.gz","207","18","","","","","","","","","","","","","","","","","",""
"2025-12-16 10:19:24","7.1","/data/T1w_seg.nii.gz","208","18","","","","","","","","","","","","","","","","","",""
"2025-12-16 10:19:24","7.1","/data/T1w_seg.nii.gz","209","18","","","","","","","","","","","","","","","","","",""
"2025-12-16 10:19:24","7.1","/data/T1w_seg.nii.gz","210","18","","","","","","","","","","","","","","","","","",""
"2025-12-16 10:19:24","7.1","/data/T1w_seg.nii.gz","211","18","","","","","","","","","","","","","","","","","",""
"2025-12-16 10:19:24","7.1","/data/T1w_seg.nii.gz","212","18","","","","","","","","","","","","","","","","","",""
"2025-12-16 10:19:24","7.1","/data/T1w_seg.nii.gz","213","18","","","","","","","","","","","","","","","","","",""
"2025-12-16 10:19:24","7.1","/data/T1w_seg.nii.gz","214","18","","","","","","","","","","","","","","","","","",""
"2025-12-16 10:19:24","7.1","/data/T1w_seg.nii.gz","215","18","","","","","","","","","","","","","","","","","",""
"2025-12-16 10:19:24","7.1","/data/T1w_seg.nii.gz","216","18","","","","","","","","","","","","","","","","","",""
"2025-12-16 10:19:24","7.1","/data/T1w_seg.nii.gz","217","18","","","","","","","","","","","","","","","","","",""
"2025-12-16 10:19:24","7.1","/data/T1w_seg.nii.gz","218","18","","","","","","","","","","","","","","","","","",""
"2025-12-16 10:19:24","7.1","/data/T1w_seg.nii.gz","219","18","","","","","","","","","","","","","","","","","",""
"2025-12-16 10:19:24","7.1","/data/T1w_seg.nii.gz","220","18","","","","","","","","","","","","","","","","","",""
"2025-12-16 10:19:24","7.1","/data/T1w_seg.nii.gz","221","18","","","","","","","","","","","","","","","","","",""
"2025-12-16 10:19:24","7.1","/data/T1w_seg.nii.gz","222","18","","","","","","","","","","","","","","","","","",""
"2025-12-16 10:19:24","7.1","/data/T1w_seg.nii.gz","223","18","","","","","","","","","","","","","","","","","",""
"2025-12-16 10:19:24","7.1","/data/T1w_seg.nii.gz","224","18","","","","","","","","","","","","","","","","","",""
"2025-12-16 10:19:24","7.1","/data/T1w_seg.nii.gz","225","18","","","","","","","","","","","","","","","","","",""
"2025-12-16 10:19:24","7.1","/data/T1w_seg.nii.gz","226","18","","","","","","","","","","","","","","","","","",""
"2025-12-16 10:19:24","7.1","/data/T1w_seg.nii.gz","227","18","","","","","","","","","","","","","","","","","",""
"2025-12-16 10:19:24","7.1","/data/T1w_seg.nii.gz","228","18","","","","","","","","","","","","","","","","","",""
"2025-12-16 10:19:24","7.1","/data/T1w_seg.nii.gz","229","18","","","","","","","","","","","","","","","","","",""
"2025-12-16 10:19:24","7.1","/data/T1w_seg.nii.gz","230","18","","","","","","","","","","","","","","","","","",""
"2025-12-16 10:19:24","7.1","/data/T1w_seg.nii.gz","231","18","","","","","","","","","","","","","","","","","",""
"2025-12-16 10:19:24","7.1","/data/T1w_seg.nii.gz","232","17","","","","","","","","","","","","","","","","","",""
"2025-12-16 10:19:24","7.1","/data/T1w_seg.nii.gz","233","17","","","","","","","","","","","","","","","","","",""
"2025-12-16 10:19:24","7.1","/data/T1w_seg.nii.gz","234","17","","","","","","","","","","","","","","","","","",""
"2025-12-16 10:19:24","7.1","/data/T1w_seg.nii.gz","235","17","","","","","","","","","","","","","","","","","",""
"2025-12-16 10:19:24","7.1","/data/T1w_seg.nii.gz","236","17","","","","","","","","","","","","","","","","","",""
"2025-12-16 10:19:24","7.1","/data/T1w_seg.nii.gz","237","17","","","","","","","","","","","","","","","","","",""
"2025-12-16 10:19:24","7.1","/data/T1w_seg.nii.gz","238","17","","","","","","","","","","","","","","","","","",""
"2025-12-16 10:19:24","7.1","/data/T1w_seg.nii.gz","239","17","","","","","","","","","","","","","","","","","",""
"2025-12-16 10:19:24","7.1","/data/T1w_seg.nii.gz","240","17","","","","","","","","","","","","","","","","","",""
"2025-12-16 10:19:24","7.1","/data/T1w_seg.nii.gz","241","17","","","","","","","","","","","","","","","","","",""
"2025-12-16 10:19:24","7.1","/data/T1w_seg.nii.gz","242","17","","","","","","","","","","","","","","","","","",""
"2025-12-16 10:19:24","7.1","/data/T1w_seg.nii.gz","243","17","","","","","","","","","","","","","","","","","",""
"2025-12-16 10:19:24","7.1","/data/T1w_seg.nii.gz","244","17","","","","","","","","","","","","","","","","","",""
"2025-12-16 10:19:24","7.1","/data/T1w_seg.nii.gz","245","17","","","","","","","","","","","","","","","","","",""
"2025-12-16 10:19:24","7.1","/data/T1w_seg.nii.gz","246","17","","","","","","","","","","","","","","","","","",""
"2025-12-16 10:19:24","7.1","/data/T1w_seg.nii.gz","247","17","","","","","","","","","","","","","","","","","",""
"2025-12-16 10:19:24","7.1","/data/T1w_seg.nii.gz","248","17","","","","","","","","","","","","","","","","","",""
"2025-12-16 10:19:24","7.1","/data/T1w_seg.nii.gz","249","17","","","","","","","","","","","","","","","","","",""
"2025-12-16 10:19:24","7.1","/data/T1w_seg.nii.gz","250","17","","","","","","","","","","","","","","","","","",""
"2025-12-16 10:19:24","7.1","/data/T1w_seg.nii.gz","251","17","","","","","","","","","","","","","","","","","",""
"2025-12-16 10:19:24","7.1","/data/T1w_seg.nii.gz","252","17","","","","","","","","","","","","","","","","","",""
"2025-12-16 10:19:24","7.1","/data/T1w_seg.nii.gz","253","17","","","","","","","","","","","","","","","","","",""
"2025-12-16 10:19:24","7.1","/data/T1w_seg.nii.gz","254","17","","","","","","","","","","","","","","","","","",""
"2025-12-16 10:19:24","7.1","/data/T1w_seg.nii.gz","255","17","","","","","","","","","","","","","","","","","",""
"2025-12-16 10:19:24","7.1","/data/T1w_seg.nii.gz","256","17","","","","","","","","","","","","","","","","","",""
"2025-12-16 10:19:24","7.1","/data/T1w_seg.nii.gz","257","17","","","","","","","","","","","","","","","","","",""
"2025-12-16 10:19:24","7.1","/data/T1w_seg.nii.gz","258","17","","","","","","","","","","","","","","","","","",""
"2025-12-16 10:19:24","7.1","/data/T1w_seg.nii.gz","259","17","","","","","","","","","","","","","","","","","",""
"2025-12-16 10:19:24","7.1","/data/T1w_seg.nii.gz","260","17","","","","","","","","","","","","","","","","","",""
"2025-12-16 10:19:24","7.1","/data/T1w_seg.nii.gz","261","17","","","","","","","","","","","","","","","","","",""
"2025-12-16 10:19:24","7.1","/data/T1w_seg.nii.gz","262","17","","","","","","","","","","","","","","","","","",""
"2025-12-16 10:19:24","7.1","/data/T1w_seg.nii.gz","263","17","","","","","","","","","","","","","","","","","",""
"2025-12-16 10:19:24","7.1","/data/T1w_seg.nii.gz","264","17","","","","","","","","","","","","","","","","","",""
"2025-12-16 10:19:24","7.1","/data/T1w_seg.nii.gz","265","17","","","","","","","","","","","","","","","","","",""
"2025-12-16 10:19:24","7.1","/data/T1w_seg.nii.gz","266","17","","","","","","","","","","","","","","","","","",""
"2025-12-16 10:19:24","7.1","/data/T1w_seg.nii.gz","267","17","","","","","","","","","","","","","","","","","",""
"2025-12-16 10:19:24","7.1","/data/T1w_seg.nii.gz","268","17","","","","","","","","","","","","","","","","","",""
"2025-12-16 10:19:24","7.1","/data/T1w_seg.nii.gz","269","17","","","","","","","","","","","","","","","","","",""
"2025-12-16 10:19:24","7.1","/data/T1w_seg.nii.gz","270","17","","","","","","","","","","","","","","","","","",""
"2025-12-16 10:19:24","7.1","/data/T1w_seg.nii.gz","271","17","","","","","","","","","","","","","","","","","",""
"2025-12-16 10:19:24","7.1","/data/T1w_seg.nii.gz","272","17","","","","","","","","","","","","","","","","","",""
"2025-12-16 10:19:24","7.1","/data/T1w_seg.nii.gz","273","17","","","","","","","","","","","","","","","","","",""
"2025-12-16 10:19:24","7.1","/data/T1w_seg.nii.gz","274","17","","","","","","","","","","","","","","","","","",""
"2025-12-16 10:19:24","7.1","/data/T1w_seg.nii.gz","275","17","","","","","","","","","","","","","","","","","",""
"2025-12-16 10:19:24","7.1","/data/T1w_seg.nii.gz","276","17","","","","","","","","","","","","","","","","","",""
"2025-12-16 10:19:24","7.1","/data/T1w_seg.nii.gz","277","17","","","","","","","","","","","","","","","","","",""
"2025-12-16 10:19:24","7.1","/data/T1w_seg.nii.gz","278","17","","","","","","","","","","","","","","","","","",""
"2025-12-16 10:19:24","7.1","/data/T1w_seg.nii.gz","279","17","","","","","","","","","","","","","","","","","",""
"2025-12-16 10:19:24","7.1","/data/T1w_seg.nii.gz","280","17","","","","","","","","","","","","","","","","","",""
"2025-12-16 10:19:24","7.1","/data/T1w_seg.nii.gz","281","17","","","","","","","","","","","","","","","","","",""
"2025-12-16 10:19:24","7.1","/data/T1w_seg.nii.gz","282","17","","","","","","","","","","","","","","","","","",""
"2025-12-16 10:19:24","7.1","/data/T1w_seg.nii.gz","283","17","","","","","","","","","","","","","","","","","",""
"2025-12-16 10:19:24","7.1","/data/T1w_seg.nii.gz","284","17","","","","","","","","","","","","","","","","","",""
"2025-12-16 10:19:24","7.1","/data/T1w_seg.nii.gz","285","17","","","","","","","","","","","","","","","","","",""
"2025-12-16 10:19:24","7.1","/data/T1w_seg.nii.gz","286","17","","","","","","","","","","","","","","","","","",""
"2025-12-16 10:19:24","7.1","/data/T1w_seg.nii.gz","287","17","","","","","","","","","","","","","","","","","",""
"2025-12-16 10:19:24","7.1","/data/T1w_seg.nii.gz","288","17","","","","","","","","","","","","","","","","","",""
"2025-12-16 10:19:24","7.1","/data/T1w_seg.nii.gz","289","17","","","","","","","","","","","","","","","","","",""
"2025-12-16 10:19:24","7.1","/data/T1w_seg.nii.gz","290","16","","","","","","","","","","","","","","","","","",""
"2025-12-16 10:19:24","7.1","/data/T1w_seg.nii.gz","291","16","","","","","","","","","","","","","","","","","",""
"2025-12-16 10:19:24","7.1","/data/T1w_seg.nii.gz","292","16","","","","","","","","","","","","","","","","","",""
"2025-12-16 10:19:24","7.1","/data/T1w_seg.nii.gz","293","16","","","","","","","","","","","","","","","","","",""
"2025-12-16 10:19:24","7.1","/data/T1w_seg.nii.gz","294","16","","","","","","","","","","","","","","","","","",""
"2025-12-16 10:19:24","7.1","/data/T1w_seg.nii.gz","295","16","","","","","","","","","","","","","","","","","",""
"2025-12-16 10:19:24","7.1","/data/T1w_seg.nii.gz","296","16","","","","","","","","","","","","","","","","","",""
"2025-12-16 10:19:24","7.1","/data/T1w_seg.nii.gz","297","16","","","","","","","","","","","","","","","","","",""
"2025-12-16 10:19:24","7.1","/data/T1w_seg.nii.gz","298","16","","","","","","","","","","","","","","","","","",""
"2025-12-16 10:19:24","7.1","/data/T1w_seg.nii.gz","299","16","","","","","","","","","","","","","","","","","",""
"2025-12-16 10:19:24","7.1","/data/T1w_seg.nii.gz","300","16","","","","","","","","","","","","","","","","","",""
"2025-12-16 10:19:24","7.1","/data/T1w_seg.nii.gz","301","16","","","","","","","","","","","","","","","","","",""
"2025-12-16 10:19:24","7.1","/data/T1w_seg.nii.gz","302","16","","","","","","","","","","","","","","","","","",""
"2025-12-16 10:19:24","7.1","/data/T1w_seg.nii.gz","303","16","","","","","","","","","","","","","","","","","",""
"2025-12-16 10:19:24","7.1","/data/T1w_seg.nii.gz","304","16","","","","","","","","","","","","","","","","","",""
"2025-12-16 10:19:24","7.1","/data/T1w_seg.nii.gz","305","16","","","","","","","","","","","","","","","","","",""
"2025-12-16 10:19:24","7.1","/data/T1w_seg.nii.gz","306","16","","","","","","","","","","","","","","","","","",""
"2025-12-16 10:19:24","7.1","/data/T1w_seg.nii.gz","307","16","","","","","","","","","","","","","","","","","",""
"2025-12-16 10:19:24","7.1","/data/T1w_seg.nii.gz","308","16","","","","","","","","","","","","","","","","","",""
"2025-12-16 10:19:24","7.1","/data/T1w_seg.nii.gz","309","16","","","","","","","","","","","","","","","","","",""
"2025-12-16 10:19:24","7.1","/data/T1w_seg.nii.gz","310","16","","","","","","","","","","","","","","","","","",""
"2025-12-16 10:19:24","7.1","/data/T1w_seg.nii.gz","311","16","","","","","","","","","","","","","","","","","",""
"2025-12-16 10:19:24","7.1","/data/T1w_seg.nii.gz","312","16","","","","","","","","","","","","","","","","","",""
"2025-12-16 10:19:24","7.1","/data/T1w_seg.nii.gz","313","16","","","","","","","","","","","","","","","","","",""
"2025-12-16 10:19:24","7.1","/data/T1w_seg.nii.gz","314","16","","","","","","","","","","","","","","","","","",""
"2025-12-16 10:19:24","7.1","/data/T1w_seg.nii.gz","315","16","","","","","","","","","","","","","","","","","",""
"2025-12-16 10:19:24","7.1","/data/T1w_seg.nii.gz","316","16","","","","","","","","","","","","","","","","","",""
"2025-12-16 10:19:24","7.1","/data/T1w_seg.nii.gz","317","16","","","","","","","","","","","","","","","","","",""
"2025-12-16 10:19:24","7.1","/data/T1w_seg.nii.gz","318","16","","","","","","","","","","","","","","","","","",""
"2025-12-16 10:19:24","7.1","/data/T1w_seg.nii.gz","319","16","","","","","","","","","","","","","","","","","",""
"2025-12-16 10:19:24","7.1","/data/T1w_seg.nii.gz","320","16","","","","","","","","","","","","","","","","","",""
"2025-12-16 10:19:24","7.1","/data/T1w_seg.nii.gz","321","16","","","","","","","","","","","","","","","","","",""
"2025-12-16 10:19:24","7.1","/data/T1w_seg.nii.gz","322","16","","","","","","","","","","","","","","","","","",""
"2025-12-16 10:19:24","7.1","/data/T1w_seg.nii.gz","323","16","","","","","","","","","","","","","","","","","",""
"2025-12-16 10:19:24","7.1","/data/T1w_seg.nii.gz","324","16","","","","","","","","","","","","","","","","","",""
"2025-12-16 10:19:24","7.1","/data/T1w_seg.nii.gz","325","16","","","","","","","","","","","","","","","","","",""
"2025-12-16 10:19:24","7.1","/data/T1w_seg.nii.gz","326","16","","","","","","","","","","","","","","","","","",""
"2025-12-16 10:19:24","7.1","/data/T1w_seg.nii.gz","327","16","","","","","","","","","","","","","","","","","",""
"2025-12-16 10:19:24","7.1","/data/T1w_seg.nii.gz","328","16","","","","","","","","","","","","","","","","","",""
"2025-12-16 10:19:24","7.1","/data/T1w_seg.nii.gz","329","16","","","","","","","","","","","","","","","","","",""
"2025-12-16 10:19:24","7.1","/data/T1w_seg.nii.gz","330","16","","","","","","","","","","","","","","","","","",""
"2025-12-16 10:19:24","7.1","/data/T1w_seg.nii.gz","331","16","","","","","","","","","","","","","","","","","",""
"2025-12-16 10:19:24","7.1","/data/T1w_seg.nii.gz","332","16","","","","","","","","","","","","","","","","","",""
"2025-12-16 10:19:24","7.1","/data/T1w_seg.nii.gz","333","16","","","","","","","","","","","","","","","","","",""
"2025-12-16 10:19:24","7.1","/data/T1w_seg.nii.gz","334","16","","","","","","","","","","","","","","","","","",""
"2025-12-16 10:19:24","7.1","/data/T1w_seg.nii.gz","335","16","","","","","","","","","","","","","","","","","",""
"2025-12-16 10:19:24","7.1","/data/T1w_seg.nii.gz","336","16","","","","","","","","","","","","","","","","","",""
"2025-12-16 10:19:24","7.1","/data/T1w_seg.nii.gz","337","16","","","","","","","","","","","","","","","","","",""
"2025-12-16 10:19:24","7.1","/data/T1w_seg.nii.gz","338","16","","","","","","","","","","","","","","","","","",""
"2025-12-16 10:19:24","7.1","/data/T1w_seg.nii.gz","339","16","","","","","","","","","","","","","","","","","",""
"2025-12-16 10:19:24","7.1","/data/T1w_seg.nii.gz","340","16","","","","","","","","","","","","","","","","","",""
"2025-12-16 10:19:24","7.1","/data/T1w_seg.nii.gz","341","16","","","","","","","","","","","","","","","","","",""
"2025-12-16 10:19:24","7.1","/data/T1w_seg.nii.gz","342","16","","","","","","","","","","","","","","","","","",""
"2025-12-16 10:19:24","7.1","/data/T1w_seg.nii.gz","343","15","","","","","","","","","","","","","","","","","",""
"2025-12-16 10:19:24","7.1","/data/T1w_seg.nii.gz","344","15","","","","","","","","","","","","","","","","","",""
"2025-12-16 10:19:24","7.1","/data/T1w_seg.nii.gz","345","15","","","","","","","","","","","","","","","","","",""
"2025-12-16 10:19:24","7.1","/data/T1w_seg.nii.gz","346","15","","","","","","","","","","","","","","","","","",""
"2025-12-16 10:19:24","7.1","/data/T1w_seg.nii.gz","347","15","","","","","","","","","","","","","","","","","",""
"2025-12-16 10:19:24","7.1","/data/T1w_seg.nii.gz","348","15","","","","","","","","","","","","","","","","","",""
"2025-12-16 10:19:24","7.1","/data/T1w_seg.nii.gz","349","15","","","","","","","","","","","","","","","","","",""
"2025-12-16 10:19:24","7.1","/data/T1w_seg.nii.gz","350","15","","","","","","","","","","","","","","","","","",""
"2025-12-16 10:19:24","7.1","/data/T1w_seg.nii.gz","351","15","","","","","","","","","","","","","","","","","",""
"2025-12-16 10:19:24","7.1","/data/T1w_seg.nii.gz","352","15","","","","","","","","","","","","","","","","","",""
"2025-12-16 10:19:24","7.1","/data/T1w_seg.nii.gz","353","15","","","","","","","","","","","","","","","","","",""
"2025-12-16 10:19:24","7.1","/data/T1w_seg.nii.gz","354","15","","","","","","","","","","","","","","","","","",""
"2025-12-16 10:19:24","7.1","/data/T1w_seg.nii.gz","355","15","","","","","","","","","","","","","","","","","",""
"2025-12-16 10:19:24","7.1","/data/T1w_seg.nii.gz","356","15","","","","","","","","","","","","","","","","","",""
"2025-12-16 10:19:24","7.1","/data/T1w_seg.nii.gz","357","15","","","","","","","","","","","","","","","","","",""
"2025-12-16 10:19:24","7.1","/data/T1w_seg.nii.gz","358","15","","","","","","","","","","","","","","","","","",""
"2025-12-16 10:19:24","7.1","/data/T1w_seg.nii.gz","359","15","","","","","","","","","","","","","","","","","",""
"2025-12-16 10:19:24","7.1","/data/T1w_seg.nii.gz","360","15","","","","","","","","","","","","","","","","","",""
"2025-12-16 10:19:24","7.1","/data/T1w_seg.nii.gz","361","15","","","","","","","","","","","","","","","","","",""
"2025-12-16 10:19:24","7.1","/data/T1w_seg.nii.gz","362","15","","","","","","","","","","","","","","","","","",""
"2025-12-16 10:19:24","7.1","/data/T1w_seg.nii.gz","363","15","","","","","","","","","","","","","","","","","",""
"2025-12-16 10:19:24","7.1","/data/T1w_seg.nii.gz","364","15","","","","","","","","","","","","","","","","","",""
"2025-12-16 10:19:24","7.1","/data/T1w_seg.nii.gz","365","15","","","","","","","","","","","","","","","","","",""
"2025-12-16 10:19:24","7.1","/data/T1w_seg.nii.gz","366","15","","","","","","","","","","","","","","","","","",""
"2025-12-16 10:19:24","7.1","/data/T1w_seg.nii.gz","367","15","","","","","","","","","","","","","","","","","",""
"2025-12-16 10:19:24","7.1","/data/T1w_seg.nii.gz","368","15","","","","","","","","","","","","","","","","","",""
"2025-12-16 10:19:24","7.1","/data/T1w_seg.nii.gz","369","15","","","","","","","","","","","","","","","","","",""
"2025-12-16 10:19:24","7.1","/data/T1w_seg.nii.gz","370","15","","","","","","","","","","","","","","","","","",""
"2025-12-16 10:19:24","7.1","/data/T1w_seg.nii.gz","371","15","","","","","","","","","","","","","","","","","",""
"2025-12-16 10:19:24","7.1","/data/T1w_seg.nii.gz","372","15","","","","","","","","","","","","","","","","","",""
"2025-12-16 10:19:24","7.1","/data/T1w_seg.nii.gz","373","15","","","","","","","","","","","","","","","","","",""
"2025-12-16 10:19:24","7.1","/data/T1w_seg.nii.gz","374","15","","","","","","","","","","","","","","","","","",""
"2025-12-16 10:19:24","7.1","/data/T1w_seg.nii.gz","375","15","","","","","","","","","","","","","","","","","",""
"2025-12-16 10:19:24","7.1","/data/T1w_seg.nii.gz","376","15","","","","","","","","","","","","","","","","","",""
"2025-12-16 10:19:24","7.1","/data/T1w_seg.nii.gz","377","15","","","","","","","","","","","","","","","","","",""
"2025-12-16 10:19:24","7.1","/data/T1w_seg.nii.gz","378","15","","","","","","","","","","","","","","","","","",""
"2025-12-16 10:19:24","7.1","/data/T1w_seg.nii.gz","379","15","","","","","","","","","","","","","","","","","",""
"2025-12-16 10:19:24","7.1","/data/T1w_seg.nii.gz","380","15","","","","","","","","","","","","","","","","","",""
"2025-12-16 10:19:24","7.1","/data/T1w_seg.nii.gz","381","15","","","","","","","","","","","","","","","","","",""
"2025-12-16 10:19:24","7.1","/data/T1w_seg.nii.gz","382","15","","","","","","","","","","","","","","","","","",""
"2025-12-16 10:19:24","7.1","/data/T1w_seg.nii.gz","383","15","","","","","","","","","","","","","","","","","",""
"2025-12-16 10:19:24","7.1","/data/T1w_seg.nii.gz","384","15","","","","","","","","","","","","","","","","","",""
"2025-12-16 10:19:24","7.1","/data/T1w_seg.nii.gz","385","15","","","","","","","","","","","","","","","","","",""
"2025-12-16 10:19:24","7.1","/data/T1w_seg.nii.gz","386","15","","","","","","","","","","","","","","","","","",""
"2025-12-16 10:19:24","7.1","/data/T1w_seg.nii.gz","387","15","","","","","","","","","","","","","","","","","",""
"2025-12-16 10:19:24","7.1","/data/T1w_seg.nii.gz","388","15","","","","","","","","","","","","","","","","","",""
"2025-12-16 10:19:24","7.1","/data/T1w_seg.nii.gz","389","15","","","","","","","","","","","","","","","","","",""
"2025-12-16 10:19:24","7.1","/data/T1w_seg.nii.gz","390","15","","","","","","","","","","","","","","","","","",""
"2025-12-16 10:19:24","7.1","/data/T1w_seg.nii.gz","391","15","","","","","","","","","","","","","","","","","",""
"2025-12-16 10:19:24","7.1","/data/T1w_seg.nii.gz","392","15","","","","","","","","","","","","","","","","","",""
"2025-12-16 10:19:24","7.1","/data/T1w_seg.nii.gz","393","15","","","","","","","","","","","","","","","","","",""
"2025-12-16 10:19:24","7.1","/data/T1w_seg.nii.gz","394","15","","","","","","","","","","","","","","","","","",""
"2025-12-16 10:19:24","7.1","/data/T1w_seg.nii.gz","395","15","","","","","","","","","","","","","","","","","",""
"2025-12-16 10:19:24","7.1","/data/T1w_seg.nii.gz","396","15","","","","","","","","","","","","","","","","","",""
"2025-12-16 10:19:24","7.1","/data/T1w_seg.nii.gz","397","14","","","","","","","","","","","","","","","","","",""
"2025-12-16 10:19:24","7.1","/data/T1w_seg.nii.gz","398","14","","","","","","","","","","","","","","","","","",""
"2025-12-16 10:19:24","7.1","/data/T1w_seg.nii.gz","399","14","","","","","","","","","","","","","","","","","",""
"2025-12-16 10:19:24","7.1","/data/T1w_seg.nii.gz","400","14","","","","","","","","","","","","","","","","","",""
"2025-12-16 10:19:24","7.1","/data/T1w_seg.nii.gz","401","14","","","","","","","","","","","","","","","","","",""
"2025-12-16 10:19:24","7.1","/data/T1w_seg.nii.gz","402","14","","","","","","","","","","","","","","","","","",""
"2025-12-16 10:19:24","7.1","/data/T1w_seg.nii.gz","403","14","","","","","","","","","","","","","","","","","",""
"2025-12-16 10:19:24","7.1","/data/T1w_seg.nii.gz","404","14","","","","","","","","","","","","","","","","","",""
"2025-12-16 10:19:24","7.1","/data/T1w_seg.nii.gz","405","14","","","","","","","","","","","","","","","","","",""
"2025-12-16 10:19:24","7.1","/data/T1w_seg.nii.gz","406","14","","","","","","","","","","","","","","","","","",""
"2025-12-16 10:19:24","7.1","/data/T1w_seg.nii.gz","407","14","","","","","","","","","","","","","","","","","",""
"2025-12-16 10:19:24","7.1","/data/T1w_seg.nii.gz","408","14","","","","","","","","","","","","","","","","","",""
"2025-12-16 10:19:24","7.1","/data/T1w_seg.nii.gz","409","14","","","","","","","","","","","","","","","","","",""
"2025-12-16 10:19:24","7.1","/data/T1w_seg.nii.gz","410","14","","","","","","","","","","","","","","","","","",""
"2025-12-16 10:19:24","7.1","/data/T1w_seg.nii.gz","411","14","","","","","","","","","","","","","","","","","",""
"2025-12-16 10:19:24","7.1","/data/T1w_seg.nii.gz","412","14","","","","","","","","","","","","","","","","","",""
"2025-12-16 10:19:24","7.1","/data/T1w_seg.nii.gz","413","14","","","","","","","","","","","","","","","","","",""
"2025-12-16 10:19:24","7.1","/data/T1w_seg.nii.gz","414","14","","","","","","","","","","","","","","","","","",""
"2025-12-16 10:19:24","7.1","/data/T1w_seg.nii.gz","415","14","","","","","","","","","","","","","","","","","",""
"2025-12-16 10:19:24","7.1","/data/T1w_seg.nii.gz","416","14","","","","","","","","","","","","","","","","","",""
"2025-12-16 10:19:24","7.1","/data/T1w_seg.nii.gz","417","14","","","","","","","","","","","","","","","","","",""
"2025-12-16 10:19:24","7.1","/data/T1w_seg.nii.gz","418","14","","","","","","","","","","","","","","","","","",""
"2025-12-16 10:19:24","7.1","/data/T1w_seg.nii.gz","419","14","","","","","","","","","","","","","","","","","",""
"2025-12-16 10:19:24","7.1","/data/T1w_seg.nii.gz","420","14","","","","","","","","","","","","","","","","","",""
"2025-12-16 10:19:24","7.1","/data/T1w_seg.nii.gz","421","14","","","","","","","","","","","","","","","","","",""
"2025-12-16 10:19:24","7.1","/data/T1w_seg.nii.gz","422","14","","","","","","","","","","","","","","","","","",""
"2025-12-16 10:19:24","7.1","/data/T1w_seg.nii.gz","423","14","","","","","","","","","","","","","","","","","",""
"2025-12-16 10:19:24","7.1","/data/T1w_seg.nii.gz","424","14","","","","","","","","","","","","","","","","","",""
"2025-12-16 10:19:24","7.1","/data/T1w_seg.nii.gz","425","14","","","","","","","","","","","","","","","","","",""
"2025-12-16 10:19:24","7.1","/data/T1w_seg.nii.gz","426","14","","","","","","","","","","","","","","","","","",""
"2025-12-16 10:19:24","7.1","/data/T1w_seg.nii.gz","427","14","","","","","","","","","","","","","","","","","",""
"2025-12-16 10:19:24","7.1","/data/T1w_seg.nii.gz","428","14","","","","","","","","","","","","","","","","","",""
"2025-12-16 10:19:24","7.1","/data/T1w_seg.nii.gz","429","14","","","","","","","","","","","","","","","","","",""
"2025-12-16 10:19:24","7.1","/data/T1w_seg.nii.gz","430","14","","","","","","","","","","","","","","","","","",""
"2025-12-16 10:19:24","7.1","/data/T1w_seg.nii.gz","431","14","","","","","","","","","","","","","","","","","",""
"2025-12-16 10:19:24","7.1","/data/T1w_seg.nii.gz","432","14","","","","","","","","","","","","","","","","","",""
"2025-12-16 10:19:24","7.1","/data/T1w_seg.nii.gz","433","14","","","","","","","","","","","","","","","","","",""
"2025-12-16 10:19:24","7.1","/data/T1w_seg.nii.gz","434","14","","","","","","","","","","","","","","","","","",""
"2025-12-16 10:19:24","7.1","/data/T1w_seg.nii.gz","435","14","","","","","","","","","","","","","","","","","",""
"2025-12-16 10:19:24","7.1","/data/T1w_seg.nii.gz","436","14","","","","","","","","","","","","","","","","","",""
"2025-12-16 10:19:24","7.1","/data/T1w_seg.nii.gz","437","14","","","","","","","","","","","","","","","","","",""
"2025-12-16 10:19:24","7.1","/data/T1w_seg.nii.gz","438","14","","","","","","","","","","","","","","","","","",""
"2025-12-16 10:19:24","7.1","/data/T1w_seg.nii.gz","439","14","","","","","","","","","","","","","","","","","",""
"2025-12-16 10:19:24","7.1","/data/T1w_seg.nii.gz","440","14","","","","","","","","","","","","","","","","","",""
"2025-12-16 10:19:24","7.1","/data/T1w_seg.nii.gz","441","14","","","","","","","","","","","","","","","","","",""
"2025-12-16 10:19:24","7.1","/data/T1w_seg.nii.gz","442","14","","","","","","","","","","","","","","","","","",""
"2025-12-16 10:19:24","7.1","/data/T1w_seg.nii.gz","443","14","","","","","","","","","","","","","","","","","",""
"2025-12-16 10:19:24","7.1","/data/T1w_seg.nii.gz","444","14","","","","","","","","","","","","","","","","","",""
"2025-12-16 10:19:24","7.1","/data/T1w_seg.nii.gz","445","14","","","","","","","","","","","","","","","","","",""
"2025-12-16 10:19:24","7.1","/data/T1w_seg.nii.gz","446","14","","","","","","","","","","","","","","","","","",""
"2025-12-16 10:19:24","7.1","/data/T1w_seg.nii.gz","447","14","","","","","","","","","","","","","","","","","",""
"2025-12-16 10:19:24","7.1","/data/T1w_seg.nii.gz","448","14","","","","","","","","","","","","","","","","","",""
"2025-12-16 10:19:24","7.1","/data/T1w_seg.nii.gz","449","14","","","","","","","","","","","","","","","","","",""
"2025-12-16 10:19:24","7.1","/data/T1w_seg.nii.gz","450","13","","","","","","","","","","","","","","","","","",""
"2025-12-16 10:19:24","7.1","/data/T1w_seg.nii.gz","451","13","","","","","","","","","","","","","","","","","",""
"2025-12-16 10:19:24","7.1","/data/T1w_seg.nii.gz","452","13","","","","","","","","","","","","","","","","","",""
"2025-12-16 10:19:24","7.1","/data/T1w_seg.nii.gz","453","13","","","","","","","","","","","","","","","","","",""
"2025-12-16 10:19:24","7.1","/data/T1w_seg.nii.gz","454","13","","","","","","","","","","","","","","","","","",""
"2025-12-16 10:19:24","7.1","/data/T1w_seg.nii.gz","455","13","","","","","","","","","","","","","","","","","",""
"2025-12-16 10:19:24","7.1","/data/T1w_seg.nii.gz","456","13","","","","","","","","","","","","","","","","","",""
"2025-12-16 10:19:24","7.1","/data/T1w_seg.nii.gz","457","13","","","","","","","","","","","","","","","","","",""
"2025-12-16 10:19:24","7.1","/data/T1w_seg.nii.gz","458","13","","","","","","","","","","","","","","","","","",""
"2025-12-16 10:19:24","7.1","/data/T1w_seg.nii.gz","459","13","","","","","","","","","","","","","","","","","",""
"2025-12-16 10:19:24","7.1","/data/T1w_seg.nii.gz","460","13","","","","","","","","","","","","","","","","","",""
"2025-12-16 10:19:24","7.1","/data/T1w_seg.nii.gz","461","13","","","","","","","","","","","","","","","","","",""
"2025-12-16 10:19:24","7.1","/data/T1w_seg.nii.gz","462","13","","","","","","","","","","","","","","","","","",""
"2025-12-16 10:19:24","7.1","/data/T1w_seg.nii.gz","463","13","","","","","","","","","","","","","","","","","",""
"2025-12-16 10:19:24","7.1","/data/T1w_seg.nii.gz","464","13","","","","","","","","","","","","","","","","","",""
"2025-12-16 10:19:24","7.1","/data/T1w_seg.nii.gz","465","13","","","","","","","","","","","","","","","","","",""
"2025-12-16 10:19:24","7.1","/data/T1w_seg.nii.gz","466","13","","","","","","","","","","","","","","","","","",""
"2025-12-16 10:19:24","7.1","/data/T1w_seg.nii.gz","467","13","","","","","","","","","","","","","","","","","",""
"2025-12-16 10:19:24","7.1","/data/T1w_seg.nii.gz","468","13","","","","","","","","","","","","","","","","","",""
"2025-12-16 10:19:24","7.1","/data/T1w_seg.nii.gz","469","13","","","","","","","","","","","","","","","","","",""
"2025-12-16 10:19:24","7.1","/data/T1w_seg.nii.gz","470","13","","","","","","","","","","","","","","","","","",""
"2025-12-16 10:19:24","7.1","/data/T1w_seg.nii.gz","471","13","","","","","","","","","","","","","","","","","",""
"2025-12-16 10:19:24","7.1","/data/T1w_seg.nii.gz","472","13","","","","","","","","","","","","","","","","","",""
"2025-12-16 10:19:24","7.1","/data/T1w_seg.nii.gz","473","13","","","","","","","","","","","","","","","","","",""
"2025-12-16 10:19:24","7.1","/data/T1w_seg.nii.gz","474","13","","","","","","","","","","","","","","","","","",""
"2025-12-16 10:19:24","7.1","/data/T1w_seg.nii.gz","475","13","","","","","","","","","","","","","","","","","",""
"2025-12-16 10:19:24","7.1","/data/T1w_seg.nii.gz","476","13","","","","","","","","","","","","","","","","","",""
"2025-12-16 10:19:24","7.1","/data/T1w_seg.nii.gz","477","13","","","","","","","","","","","","","","","","","",""
"2025-12-16 10:19:24","7.1","/data/T1w_seg.nii.gz","478","13","","","","","","","","","","","","","","","","","",""
"2025-12-16 10:19:24","7.1","/data/T1w_seg.nii.gz","479","13","","","","","","","","","","","","","","","","","",""
"2025-12-16 10:19:24","7.1","/data/T1w_seg.nii.gz","480","13","","","","","","","","","","","","","","","","","",""
"2025-12-16 10:19:24","7.1","/data/T1w_seg.nii.gz","481","13","","","","","","","","","","","","","","","","","",""
"2025-12-16 10:19:24","7.1","/data/T1w_seg.nii.gz","482","13","","","","","","","","","","","","","","","","","",""
"2025-12-16 10:19:24","7.1","/data/T1w_seg.nii.gz","483","13","","","","","","","","","","","","","","","","","",""
"2025-12-16 10:19:24","7.1","/data/T1w_seg.nii.gz","484","13","","","","","","","","","","","","","","","","","",""
"2025-12-16 10:19:24","7.1","/data/T1w_seg.nii.gz","485","13","","","","","","","","","","","","","","","","","",""
"2025-12-16 10:19:24","7.1","/data/T1w_seg.nii.gz","486","13","","","","","","","","","","","","","","","","","",""
"2025-12-16 10:19:24","7.1","/data/T1w_seg.nii.gz","487","13","","","","","","","","","","","","","","","","","",""
"2025-12-16 10:19:24","7.1","/data/T1w_seg.nii.gz","488","13","","","","","","","","","","","","","","","","","",""
"2025-12-16 10:19:24","7.1","/data/T1w_seg.nii.gz","489","13","","","","","","","","","","","","","","","","","",""
"2025-12-16 10:19:24","7.1","/data/T1w_seg.nii.gz","490","13","","","","","","","","","","","","","","","","","",""
"2025-12-16 10:19:24","7.1","/data/T1w_seg.nii.gz","491","13","","","","","","","","","","","","","","","","","",""
"2025-12-16 10:19:24","7.1","/data/T1w_seg.nii.gz","492","13","","","","","","","","","","","","","","","","","",""
"2025-12-16 10:19:24","7.1","/data/T1w_seg.nii.gz","493","13","","","","","","","","","","","","","","","","","",""
"2025-12-16 10:19:24","7.1","/data/T1w_seg.nii.gz","494","13","","","","","","","","","","","","","","","","","",""
"2025-12-16 10:19:24","7.1","/data/T1w_seg.nii.gz","495","13","","","","","","","","","","","","","","","","","",""
"2025-12-16 10:19:24","7.1","/data/T1w_seg.nii.gz","496","13","","","","","","","","","","","","","","","","","",""
"2025-12-16 10:19:24","7.1","/data/T1w_seg.nii.gz","497","13","","","","","","","","","","","","","","","","","",""
"2025-12-16 10:19:24","7.1","/data/T1w_seg.nii.gz","498","13","","","","","","","","","","","","","","","","","",""
"2025-12-16 10:19:24","7.1","/data/T1w_seg.nii.gz","499","13","","","","","","","","","","","","","","","","","",""
"2025-12-16 10:19:24","7.1","/data/T1w_seg.nii.gz","500","13","","","","","","","","","","","","","","","","","",""
"2025-12-16 10:19:24","7.1","/data/T1w_seg.nii.gz","501","12","","","","","","","","","","","","","","","","","",""
"2025-12-16 10:19:24","7.1","/data/T1w_seg.nii.gz","502","12","","","","","","","","","","","","","","","","","",""
"2025-12-16 10:19:24","7.1","/data/T1w_seg.nii.gz","503","12","","","","","","","","","","","","","","","","","",""
"2025-12-16 10:19:24","7.1","/data/T1w_seg.nii.gz","504","12","","","","","","","","","","","","","","","","","",""
"2025-12-16 10:19:24","7.1","/data/T1w_seg.nii.gz","505","12","","","","","","","","","","","","","","","","","",""
"2025-12-16 10:19:24","7.1","/data/T1w_seg.nii.gz","506","12","","","","","","","","","","","","","","","","","",""
"2025-12-16 10:19:24","7.1","/data/T1w_seg.nii.gz","507","12","","","","","","","","","","","","","","","","","",""
"2025-12-16 10:19:24","7.1","/data/T1w_seg.nii.gz","508","12","","","","","","","","","","","","","","","","","",""
"2025-12-16 10:19:24","7.1","/data/T1w_seg.nii.gz","509","12","","","","","","","","","","","","","","","","","",""
"2025-12-16 10:19:24","7.1","/data/T1w_seg.nii.gz","510","12","","","","","","","","","","","","","","","","","",""
"2025-12-16 10:19:24","7.1","/data/T1w_seg.nii.gz","511","12","","","","","","","","","","","","","","","","","",""
"2025-12-16 10:19:24","7.1","/data/T1w_seg.nii.gz","512","12","","","","","","","","","","","","","","","","","",""
"2025-12-16 10:19:24","7.1","/data/T1w_seg.nii.gz","513","12","","","","","","","","","","","","","","","","","",""
"2025-12-16 10:19:24","7.1","/data/T1w_seg.nii.gz","514","12","","","","","","","","","","","","","","","","","",""
"2025-12-16 10:19:24","7.1","/data/T1w_seg.nii.gz","515","12","","","","","","","","","","","","","","","","","",""
"2025-12-16 10:19:24","7.1","/data/T1w_seg.nii.gz","516","12","","","","","","","","","","","","","","","","","",""
"2025-12-16 10:19:24","7.1","/data/T1w_seg.nii.gz","517","12","","","","","","","","","","","","","","","","","",""
"2025-12-16 10:19:24","7.1","/data/T1w_seg.nii.gz","518","12","","","","","","","","","","","","","","","","","",""
"2025-12-16 10:19:24","7.1","/data/T1w_seg.nii.gz","519","12","","","","","","","","","","","","","","","","","",""
"2025-12-16 10:19:24","7.1","/data/T1w_seg.nii.gz","520","12","","","","","","","","","","","","","","","","","",""
"2025-12-16 10:19:24","7.1","/data/T1w_seg.nii.gz","521","12","","","","","","","","","","","","","","","","","",""
"2025-12-16 10:19:24","7.1","/data/T1w_seg.nii.gz","522","12","","","","","","","","","","","","","","","","","",""
"2025-12-16 10:19:24","7.1","/data/T1w_seg.nii.gz","523","12","","","","","","","","","","","","","","","","","",""
"2025-12-16 10:19:24","7.1","/data/T1w_seg.nii.gz","524","12","","","","","","","","","","","","","","","","","",""
"2025-12-16 10:19:24","7.1","/data/T1w_seg.nii.gz","525","12","","","","","","","","","","","","","","","","","",""
"2025-12-16 10:19:24","7.1","/data/T1w_seg.nii.gz","526","12","","","","","","","","","","","","","","","","","",""
"2025-12-16 10:19:24","7.1","/data/T1w_seg.nii.gz","527","12","","","","","","","","","","","","","","","","","",""
"2025-12-16 10:19:24","7.1","/data/T1w_seg.nii.gz","528","12","","","","","","","","","","","","","","","","","",""
"2025-12-16 10:19:24","7.1","/data/T1w_seg.nii.gz","529","12","","","","","","","","","","","","","","","","","",""
"2025-12-16 10:19:24","7.1","/data/T1w_seg.nii.gz","530","12","","","","","","","","","","","","","","","","","",""
"2025-12-16 10:19:24","7.1","/data/T1w_seg.nii.gz","531","12","","","","","","","","","","","","","","","","","",""
"2025-12-16 10:19:24","7.1","/data/T1w_seg.nii.gz","532","12","","","","","","","","","","","","","","","","","",""
"2025-12-16 10:19:24","7.1","/data/T1w_seg.nii.gz","533","12","","","","","","","","","","","","","","","","","",""
"2025-12-16 10:19:24","7.1","/data/T1w_seg.nii.gz","534","12","","","","","","","","","","","","","","","","","",""
"2025-12-16 10:19:24","7.1","/data/T1w_seg.nii.gz","535","12","","","","","","","","","","","","","","","","","",""
"2025-12-16 10:19:24","7.1","/data/T1w_seg.nii.gz","536","12","","","","","","","","","","","","","","","","","",""
"2025-12-16 10:19:24","7.1","/data/T1w_seg.nii.gz","537","12","","","","","","","","","","","","","","","","","",""
"2025-12-16 10:19:24","7.1","/data/T1w_seg.nii.gz","538","12","","","","","","","","","","","","","","","","","",""
"2025-12-16 10:19:24","7.1","/data/T1w_seg.nii.gz","539","12","","","","","","","","","","","","","","","","","",""
"2025-12-16 10:19:24","7.1","/data/T1w_seg.nii.gz","540","12","","","","","","","","","","","","","","","","","",""
"2025-12-16 10:19:24","7.1","/data/T1w_seg.nii.gz","541","12","","","","","","","","","","","","","","","","","",""
"2025-12-16 10:19:24","7.1","/data/T1w_seg.nii.gz","542","12","","","","","","","","","","","","","","","","","",""
"2025-12-16 10:19:24","7.1","/data/T1w_seg.nii.gz","543","12","","","","","","","","","","","","","","","","","",""
"2025-12-16 10:19:24","7.1","/data/T1w_seg.nii.gz","544","12","","","","","","","","","","","","","","","","","",""
"2025-12-16 10:19:24","7.1","/data/T1w_seg.nii.gz","545","12","","","","","","","","","","","","","","","","","",""
"2025-12-16 10:19:24","7.1","/data/T1w_seg.nii.gz","546","12","","","","","","","","","","","","","","","","","",""
"2025-12-16 10:19:24","7.1","/data/T1w_seg.nii.gz","547","12","","","","","","","","","","","","","","","","","",""
"2025-12-16 10:19:24","7.1","/data/T1w_seg.nii.gz","548","12","","","","","","","","","","","","","","","","","",""
"2025-12-16 10:19:24","7.1","/data/T1w_seg.nii.gz","549","12","","","","","","","","","","","","","","","","","",""
"2025-12-16 10:19:24","7.1","/data/T1w_seg.nii.gz","550","12","","","","","","","","","","","","","","","","","",""
"2025-12-16 10:19:24","7.1","/data/T1w_seg.nii.gz","551","12","","","","","","","","","","","","","","","","","",""
"2025-12-16 10:19:24","7.1","/data/T1w_seg.nii.gz","552","11","","","","","","","","","","","","","","","","","",""
"2025-12-16 10:19:24","7.1","/data/T1w_seg.nii.gz","553","11","","","","","","","","","","","","","","","","","",""
"2025-12-16 10:19:24","7.1","/data/T1w_seg.nii.gz","554","11","","","","","","","","","","","","","","","","","",""
"2025-12-16 10:19:24","7.1","/data/T1w_seg.nii.gz","555","11","","","","","","","","","","","","","","","","","",""
"2025-12-16 10:19:24","7.1","/data/T1w_seg.nii.gz","556","11","","","","","","","","","","","","","","","","","",""
"2025-12-16 10:19:24","7.1","/data/T1w_seg.nii.gz","557","11","","","","","","","","","","","","","","","","","",""
"2025-12-16 10:19:24","7.1","/data/T1w_seg.nii.gz","558","11","","","","","","","","","","","","","","","","","",""
"2025-12-16 10:19:24","7.1","/data/T1w_seg.nii.gz","559","11","","","","","","","","","","","","","","","","","",""
"2025-12-16 10:19:24","7.1","/data/T1w_seg.nii.gz","560","11","","","","","","","","","","","","","","","","","",""
"2025-12-16 10:19:24","7.1","/data/T1w_seg.nii.gz","561","11","","","","","","","","","","","","","","","","","",""
"2025-12-16 10:19:24","7.1","/data/T1w_seg.nii.gz","562","11","","","","","","","","","","","","","","","","","",""
"2025-12-16 10:19:24","7.1","/data/T1w_seg.nii.gz","563","11","","","","","","","","","","","","","","","","","",""
"2025-12-16 10:19:24","7.1","/data/T1w_seg.nii.gz","564","11","","","","","","","","","","","","","","","","","",""
"2025-12-16 10:19:24","7.1","/data/T1w_seg.nii.gz","565","11","","","","","","","","","","","","","","","","","",""
"2025-12-16 10:19:24","7.1","/data/T1w_seg.nii.gz","566","11","","","","","","","","","","","","","","","","","",""
"2025-12-16 10:19:24","7.1","/data/T1w_seg.nii.gz","567","11","","","","","","","","","","","","","","","","","",""
"2025-12-16 10:19:24","7.1","/data/T1w_seg.nii.gz","568","11","","","","","","","","","","","","","","","","","",""
"2025-12-16 10:19:24","7.1","/data/T1w_seg.nii.gz","569","11","","","","","","","","","","","","","","","","","",""
"2025-12-16 10:19:24","7.1","/data/T1w_seg.nii.gz","570","11","","","","","","","","","","","","","","","","","",""
"2025-12-16 10:19:24","7.1","/data/T1w_seg.nii.gz","571","11","","","","","","","","","","","","","","","","","",""
"2025-12-16 10:19:24","7.1","/data/T1w_seg.nii.gz","572","11","","","","","","","","","","","","","","","","","",""
"2025-12-16 10:19:24","7.1","/data/T1w_seg.nii.gz","573","11","","","","","","","","","","","","","","","","","",""
"2025-12-16 10:19:24","7.1","/data/T1w_seg.nii.gz","574","11","","","","","","","","","","","","","","","","","",""
"2025-12-16 10:19:24","7.1","/data/T1w_seg.nii.gz","575","11","","","","","","","","","","","","","","","","","",""
"2025-12-16 10:19:24","7.1","/data/T1w_seg.nii.gz","576","11","","","","","","","","","","","","","","","","","",""
"2025-12-16 10:19:24","7.1","/data/T1w_seg.nii.gz","577","11","","","","","","","","","","","","","","","","","",""
"2025-12-16 10:19:24","7.1","/data/T1w_seg.nii.gz","578","11","","","","","","","","","","","","","","","","","",""
"2025-12-16 10:19:24","7.1","/data/T1w_seg.nii.gz","579","11","","","","","","","","","","","","","","","","","",""
"2025-12-16 10:19:24","7.1","/data/T1w_seg.nii.gz","580","11","","","","","","","","","","","","","","","","","",""
"2025-12-16 10:19:24","7.1","/data/T1w_seg.nii.gz","581","11","","","","","","","","","","","","","","","","","",""
"2025-12-16 10:19:24","7.1","/data/T1w_seg.nii.gz","582","11","","","","","","","","","","","","","","","","","",""
"2025-12-16 10:19:24","7.1","/data/T1w_seg.nii.gz","583","11","","","","","","","","","","","","","","","","","",""
"2025-12-16 10:19:24","7.1","/data/T1w_seg.nii.gz","584","11","","","","","","","","","","","","","","","","","",""
"2025-12-16 10:19:24","7.1","/data/T1w_seg.nii.gz","585","11","","","","","","","","","","","","","","","","","",""
"2025-12-16 10:19:24","7.1","/data/T1w_seg.nii.gz","586","11","","","","","","","","","","","","","","","","","",""
"2025-12-16 10:19:24","7.1","/data/T1w_seg.nii.gz","587","11","","","","","","","","","","","","","","","","","",""
"2025-12-16 10:19:24","7.1","/data/T1w_seg.nii.gz","588","11","","","","","","","","","","","","","","","","","",""
"2025-12-16 10:19:24","7.1","/data/T1w_seg.nii.gz","589","11","","","","","","","","","","","","","","","","","",""
"2025-12-16 10:19:24","7.1","/data/T1w_seg.nii.gz","590","11","","","","","","","","","","","","","","","","","",""
"2025-12-16 10:19:24","7.1","/data/T1w_seg.nii.gz","591","11","","","","","","","","","","","","","","","","","",""
"2025-12-16 10:19:24","7.1","/data/T1w_seg.nii.gz","592","11","","","","","","","","","","","","","","","","","",""
"2025-12-16 10:19:24","7.1","/data/T1w_seg.nii.gz","593","11","","","","","","","","","","","","","","","","","",""
"2025-12-16 10:19:24","7.1","/data/T1w_seg.nii.gz","594","11","","","","","","","","","","","","","","","","","",""
"2025-12-16 10:19:24","7.1","/data/T1w_seg.nii.gz","595","11","","","","","","","","","","","","","","","","","",""
"2025-12-16 10:19:24","7.1","/data/T1w_seg.nii.gz","596","11","","","","","","","","","","","","","","","","","",""
"2025-12-16 10:19:24","7.1","/data/T1w_seg.nii.gz","597","11","","","","","","","","","","","","","","","","","",""
"2025-12-16 10:19:24","7.1","/data/T1w_seg.nii.gz","598","11","","","","","","","","","","","","","","","","","",""
"2025-12-16 10:19:24","7.1","/data/T1w_seg.nii.gz","599","11","","","","","","","","","","","","","","","","","",""
"2025-12-16 10:19:24","7.1","/data/T1w_seg.nii.gz","600","11","","","","","","","","","","","","","","","","","",""
"2025-12-16 10:19:24","7.1","/data/T1w_seg.nii.gz","601","10","","","","","","","","","","","","","","","","","",""
"2025-12-16 10:19:24","7.1","/data/T1w_seg.nii.gz","602","10","","","","","","","","","","","","","","","","","",""
"2025-12-16 10:19:24","7.1","/data/T1w_seg.nii.gz","603","10","","","","","","","","","","","","","","","","","",""
"2025-12-16 10:19:24","7.1","/data/T1w_seg.nii.gz","604","10","","","","","","","","","","","","","","","","","",""
"2025-12-16 10:19:24","7.1","/data/T1w_seg.nii.gz","605","10","","","","","","","","","","","","","","","","","",""
"2025-12-16 10:19:24","7.1","/data/T1w_seg.nii.gz","606","10","","","","","","","","","","","","","","","","","",""
"2025-12-16 10:19:24","7.1","/data/T1w_seg.nii.gz","607","10","","","","","","","","","","","","","","","","","",""
"2025-12-16 10:19:24","7.1","/data/T1w_seg.nii.gz","608","10","","","","","","","","","","","","","","","","","",""
"2025-12-16 10:19:24","7.1","/data/T1w_seg.nii.gz","609","10","","","","","","","","","","","","","","","","","",""
"2025-12-16 10:19:24","7.1","/data/T1w_seg.nii.gz","610","10","","","","","","","","","","","","","","","","","",""
"2025-12-16 10:19:24","7.1","/data/T1w_seg.nii.gz","611","10","","","","","","","","","","","","","","","","","",""
"2025-12-16 10:19:24","7.1","/data/T1w_seg.nii.gz","612","10","","","","","","","","","","","","","","","","","",""
"2025-12-16 10:19:24","7.1","/data/T1w_seg.nii.gz","613","10","","","","","","","","","","","","","","","","","",""
"2025-12-16 10:19:24","7.1","/data/T1w_seg.nii.gz","614","10","","","","","","","","","","","","","","","","","",""
"2025-12-16 10:19:24","7.1","/data/T1w_seg.nii.gz","615","10","","","","","","","","","","","","","","","","","",""
"2025-12-16 10:19:24","7.1","/data/T1w_seg.nii.gz","616","10","","","","","","","","","","","","","","","","","",""
"2025-12-16 10:19:24","7.1","/data/T1w_seg.nii.gz","617","10","","","","","","","","","","","","","","","","","",""
"2025-12-16 10:19:24","7.1","/data/T1w_seg.nii.gz","618","10","","","","","","","","","","","","","","","","","",""
"2025-12-16 10:19:24","7.1","/data/T1w_seg.nii.gz","619","10","","","","","","","","","","","","","","","","","",""
"2025-12-16 10:19:24","7.1","/data/T1w_seg.nii.gz","620","10","","","","","","","","","","","","","","","","","",""
"2025-12-16 10:19:24","7.1","/data/T1w_seg.nii.gz","621","10","","","","","","","","","","","","","","","","","",""
"2025-12-16 10:19:24","7.1","/data/T1w_seg.nii.gz","622","10","","","","","","","","","","","","","","","","","",""
"2025-12-16 10:19:24","7.1","/data/T1w_seg.nii.gz","623","10","","","","","","","","","","","","","","","","","",""
"2025-12-16 10:19:24","7.1","/data/T1w_seg.nii.gz","624","10","","","","","","","","","","","","","","","","","",""
"2025-12-16 10:19:24","7.1","/data/T1w_seg.nii.gz","625","10","","","","","","","","","","","","","","","","","",""
"2025-12-16 10:19:24","7.1","/data/T1w_seg.nii.gz","626","10","","","","","","","","","","","","","","","","","",""
"2025-12-16 10:19:24","7.1","/data/T1w_seg.nii.gz","627","10","","","","","","","","","","","","","","","","","",""
"2025-12-16 10:19:24","7.1","/data/T1w_seg.nii.gz","628","10","","","","","","","","","","","","","","","","","",""
"2025-12-16 10:19:24","7.1","/data/T1w_seg.nii.gz","629","10","","","","","","","","","","","","","","","","","",""
"2025-12-16 10:19:24","7.1","/data/T1w_seg.nii.gz","630","10","","","","","","","","","","","","","","","","","",""
"2025-12-16 10:19:24","7.1","/data/T1w_seg.nii.gz","631","10","","","","","","","","","","","","","","","","","",""
"2025-12-16 10:19:24","7.1","/data/T1w_seg.nii.gz","632","10","","","","","","","","","","","","","","","","","",""
"2025-12-16 10:19:24","7.1","/data/T1w_seg.nii.gz","633","10","","","","","","","","","","","","","","","","","",""
"2025-12-16 10:19:24","7.1","/data/T1w_seg.nii.gz","634","10","","","","","","","","","","","","","","","","","",""
"2025-12-16 10:19:24","7.1","/data/T1w_seg.nii.gz","635","10","","","","","","","","","","","","","","","","","",""
"2025-12-16 10:19:24","7.1","/data/T1w_seg.nii.gz","636","10","","","","","","","","","","","","","","","","","",""
"2025-12-16 10:19:24","7.1","/data/T1w_seg.nii.gz","637","10","","","","","","","","","","","","","","","","","",""
"2025-12-16 10:19:24","7.1","/data/T1w_seg.nii.gz","638","10","","","","","","","","","","","","","","","","","",""
"2025-12-16 10:19:24","7.1","/data/T1w_seg.nii.gz","639","10","","","","","","","","","","","","","","","","","",""
"2025-12-16 10:19:24","7.1","/data/T1w_seg.nii.gz","640","10","","","","","","","","","","","","","","","","","",""
"2025-12-16 10:19:24","7.1","/data/T1w_seg.nii.gz","641","10","","","","","","","","","","","","","","","","","",""
"2025-12-16 10:19:24","7.1","/data/T1w_seg.nii.gz","642","10","","","","","","","","","","","","","","","","","",""
"2025-12-16 10:19:24","7.1","/data/T1w_seg.nii.gz","643","10","","","","","","","","","","","","","","","","","",""
"2025-12-16 10:19:24","7.1","/data/T1w_seg.nii.gz","644","10","","","","","","","","","","","","","","","","","",""
"2025-12-16 10:19:24","7.1","/data/T1w_seg.nii.gz","645","10","","","","","","","","","","","","","","","","","",""
"2025-12-16 10:19:24","7.1","/data/T1w_seg.nii.gz","646","10","","","","","","","","","","","","","","","","","",""
"2025-12-16 10:19:24","7.1","/data/T1w_seg.nii.gz","647","9","","","","","","","","","","","","","","","","","",""
"2025-12-16 10:19:24","7.1","/data/T1w_seg.nii.gz","648","9","","","","","","","","","","","","","","","","","",""
"2025-12-16 10:19:24","7.1","/data/T1w_seg.nii.gz","649","9","","","","","","","","","","","","","","","","","",""
"2025-12-16 10:19:24","7.1","/data/T1w_seg.nii.gz","650","9","","","","","","","","","","","","","","","","","",""
"2025-12-16 10:19:24","7.1","/data/T1w_seg.nii.gz","651","9","","","","","","","","","","","","","","","","","",""
"2025-12-16 10:19:24","7.1","/data/T1w_seg.nii.gz","652","9","","","","","","","","","","","","","","","","","",""
"2025-12-16 10:19:24","7.1","/data/T1w_seg.nii.gz","653","9","","","","","","","","","","","","","","","","","",""
"2025-12-16 10:19:24","7.1","/data/T1w_seg.nii.gz","654","9","","","","","","","","","","","","","","","","","",""
"2025-12-16 10:19:24","7.1","/data/T1w_seg.nii.gz","655","9","","","","","","","","","","","","","","","","","",""
"2025-12-16 10:19:24","7.1","/data/T1w_seg.nii.gz","656","9","","","","","","","","","","","","","","","","","",""
"2025-12-16 10:19:24","7.1","/data/T1w_seg.nii.gz","657","9","","","","","","","","","","","","","","","","","",""
"2025-12-16 10:19:24","7.1","/data/T1w_seg.nii.gz","658","9","","","","","","","","","","","","","","","","","",""
"2025-12-16 10:19:24","7.1","/data/T1w_seg.nii.gz","659","9","","","","","","","","","","","","","","","","","",""
"2025-12-16 10:19:24","7.1","/data/T1w_seg.nii.gz","660","9","","","","","","","","","","","","","","","","","",""
"2025-12-16 10:19:24","7.1","/data/T1w_seg.nii.gz","661","9","","","","","","","","","","","","","","","","","",""
"2025-12-16 10:19:24","7.1","/data/T1w_seg.nii.gz","662","9","","","","","","","","","","","","","","","","","",""
"2025-12-16 10:19:24","7.1","/data/T1w_seg.nii.gz","663","9","","","","","","","","","","","","","","","","","",""
"2025-12-16 10:19:24","7.1","/data/T1w_seg.nii.gz","664","9","","","","","","","","","","","","","","","","","",""
"2025-12-16 10:19:24","7.1","/data/T1w_seg.nii.gz","665","9","","","","","","","","","","","","","","","","","",""
"2025-12-16 10:19:24","7.1","/data/T1w_seg.nii.gz","666","9","","","","","","","","","","","","","","","","","",""
"2025-12-16 10:19:24","7.1","/data/T1w_seg.nii.gz","667","9","","","","","","","","","","","","","","","","","",""
"2025-12-16 10:19:24","7.1","/data/T1w_seg.nii.gz","668","9","","","","","","","","","","","","","","","","","",""
"2025-12-16 10:19:24","7.1","/data/T1w_seg.nii.gz","669","9","","","","","","","","","","","","","","","","","",""
"2025-12-16 10:19:24","7.1","/data/T1w_seg.nii.gz","670","9","","","","","","","","","","","","","","","","","",""
"2025-12-16 10:19:24","7.1","/data/T1w_seg.nii.gz","671","9","","","","","","","","","","","","","","","","","",""
"2025-12-16 10:19:24","7.1","/data/T1w_seg.nii.gz","672","9","","","","","","","","","","","","","","","","","",""
"2025-12-16 10:19:24","7.1","/data/T1w_seg.nii.gz","673","9","","","","","","","","","","","","","","","","","",""
"2025-12-16 10:19:24","7.1","/data/T1w_seg.nii.gz","674","9","","","","","","","","","","","","","","","","","",""
"2025-12-16 10:19:24","7.1","/data/T1w_seg.nii.gz","675","9","","","","","","","","","","","","","","","","","",""
"2025-12-16 10:19:24","7.1","/data/T1w_seg.nii.gz","676","9","","","","","","","","","","","","","","","","","",""
"2025-12-16 10:19:24","7.1","/data/T1w_seg.nii.gz","677","9","","","","","","","","","","","","","","","","","",""
"2025-12-16 10:19:24","7.1","/data/T1w_seg.nii.gz","678","9","","","","","","","","","","","","","","","","","",""
"2025-12-16 10:19:24","7.1","/data/T1w_seg.nii.gz","679","9","","","","","","","","","","","","","","","","","",""
"2025-12-16 10:19:24","7.1","/data/T1w_seg.nii.gz","680","9","","","","","","","","","","","","","","","","","",""
"2025-12-16 10:19:24","7.1","/data/T1w_seg.nii.gz","681","9","","","","","","","","","","","","","","","","","",""
"2025-12-16 10:19:24","7.1","/data/T1w_seg.nii.gz","682","9","","","","","","","","","","","","","","","","","",""
"2025-12-16 10:19:24","7.1","/data/T1w_seg.nii.gz","683","9","","","","","","","","","","","","","","","","","",""
"2025-12-16 10:19:24","7.1","/data/T1w_seg.nii.gz","684","9","","","","","","","","","","","","","","","","","",""
"2025-12-16 10:19:24","7.1","/data/T1w_seg.nii.gz","685","9","","","","","","","","","","","","","","","","","",""
"2025-12-16 10:19:24","7.1","/data/T1w_seg.nii.gz","686","9","","","","","","","","","","","","","","","","","",""
"2025-12-16 10:19:24","7.1","/data/T1w_seg.nii.gz","687","9","","","","","","","","","","","","","","","","","",""
"2025-12-16 10:19:24","7.1","/data/T1w_seg.nii.gz","688","9","","","","","","","","","","","","","","","","","",""
"2025-12-16 10:19:24","7.1","/data/T1w_seg.nii.gz","689","9","","","","","","","","","","","","","","","","","",""
"2025-12-16 10:19:24","7.1","/data/T1w_seg.nii.gz","690","9","","","","","","","","","","","","","","","","","",""
"2025-12-16 10:19:24","7.1","/data/T1w_seg.nii.gz","691","9","","","","","","","","","","","","","","","","","",""
"2025-12-16 10:19:24","7.1","/data/T1w_seg.nii.gz","692","9","","","","","","","","","","","","","","","","","",""
"2025-12-16 10:19:24","7.1","/data/T1w_seg.nii.gz","693","8","","","","","","","","","","","","","","","","","",""
"2025-12-16 10:19:24","7.1","/data/T1w_seg.nii.gz","694","8","","","","","","","","","","","","","","","","","",""
"2025-12-16 10:19:24","7.1","/data/T1w_seg.nii.gz","695","8","","","","","","","","","","","","","","","","","",""
"2025-12-16 10:19:24","7.1","/data/T1w_seg.nii.gz","696","8","","","","","","","","","","","","","","","","","",""
"2025-12-16 10:19:24","7.1","/data/T1w_seg.nii.gz","697","8","","","","","","","","","","","","","","","","","",""
"2025-12-16 10:19:24","7.1","/data/T1w_seg.nii.gz","698","8","","","","","","","","","","","","","","","","","",""
"2025-12-16 10:19:24","7.1","/data/T1w_seg.nii.gz","699","8","","","","","","","","","","","","","","","","","",""
"2025-12-16 10:19:24","7.1","/data/T1w_seg.nii.gz","700","8","","","","","","","","","","","","","","","","","",""
"2025-12-16 10:19:24","7.1","/data/T1w_seg.nii.gz","701","8","","","","","","","","","","","","","","","","","",""
"2025-12-16 10:19:24","7.1","/data/T1w_seg.nii.gz","702","8","","","","","","","","","","","","","","","","","",""
"2025-12-16 10:19:24","7.1","/data/T1w_seg.nii.gz","703","8","","","","","","","","","","","","","","","","","",""
"2025-12-16 10:19:24","7.1","/data/T1w_seg.nii.gz","704","8","","","","","","","","","","","","","","","","","",""
"2025-12-16 10:19:24","7.1","/data/T1w_seg.nii.gz","705","8","","","","","","","","","","","","","","","","","",""
"2025-12-16 10:19:24","7.1","/data/T1w_seg.nii.gz","706","8","","","","","","","","","","","","","","","","","",""
"2025-12-16 10:19:24","7.1","/data/T1w_seg.nii.gz","707","8","","","","","","","","","","","","","","","","","",""
"2025-12-16 10:19:24","7.1","/data/T1w_seg.nii.gz","708","8","","","","","","","","","","","","","","","","","",""
"2025-12-16 10:19:24","7.1","/data/T1w_seg.nii.gz","709","8","","","","","","","","","","","","","","","","","",""
"2025-12-16 10:19:24","7.1","/data/T1w_seg.nii.gz","710","8","","","","","","","","","","","","","","","","","",""
"2025-12-16 10:19:24","7.1","/data/T1w_seg.nii.gz","711","8","","","","","","","","","","","","","","","","","",""
"2025-12-16 10:19:24","7.1","/data/T1w_seg.nii.gz","712","8","","","","","","","","","","","","","","","","","",""
"2025-12-16 10:19:24","7.1","/data/T1w_seg.nii.gz","713","8","","","","","","","","","","","","","","","","","",""
"2025-12-16 10:19:24","7.1","/data/T1w_seg.nii.gz","714","8","","","","","","","","","","","","","","","","","",""
"2025-12-16 10:19:24","7.1","/data/T1w_seg.nii.gz","715","8","","","","","","","","","","","","","","","","","",""
"2025-12-16 10:19:24","7.1","/data/T1w_seg.nii.gz","716","8","","","","","","","","","","","","","","","","","",""
"2025-12-16 10:19:24","7.1","/data/T1w_seg.nii.gz","717","8","","","","","","","","","","","","","","","","","",""
"2025-12-16 10:19:24","7.1","/data/T1w_seg.nii.gz","718","8","","","","","","","","","","","","","","","","","",""
"2025-12-16 10:19:24","7.1","/data/T1w_seg.nii.gz","719","8","","","","","","","","","","","","","","","","","",""
"2025-12-16 10:19:24","7.1","/data/T1w_seg.nii.gz","720","8","","","","","","","","","","","","","","","","","",""
"2025-12-16 10:19:24","7.1","/data/T1w_seg.nii.gz","721","8","","","","","","","","","","","","","","","","","",""
"2025-12-16 10:19:24","7.1","/data/T1w_seg.nii.gz","722","8","","","","","","","","","","","","","","","","","",""
"2025-12-16 10:19:24","7.1","/data/T1w_seg.nii.gz","723","8","","","","","","","","","","","","","","","","","",""
"2025-12-16 10:19:24","7.1","/data/T1w_seg.nii.gz","724","8","","","","","","","","","","","","","","","","","",""
"2025-12-16 10:19:24","7.1","/data/T1w_seg.nii.gz","725","8","","","","","","","","","","","","","","","","","",""
"2025-12-16 10:19:24","7.1","/data/T1w_seg.nii.gz","726","8","","","","","","","","","","","","","","","","","",""
"2025-12-16 10:19:24","7.1","/data/T1w_seg.nii.gz","727","8","","","","","","","","","","","","","","","","","",""
"2025-12-16 10:19:24","7.1","/data/T1w_seg.nii.gz","728","8","","","","","","","","","","","","","","","","","",""
"2025-12-16 10:19:24","7.1","/data/T1w_seg.nii.gz","729","8","","","","","","","","","","","","","","","","","",""
"2025-12-16 10:19:24","7.1","/data/T1w_seg.nii.gz","730","8","","","","","","","","","","","","","","","","","",""
"2025-12-16 10:19:24","7.1","/data/T1w_seg.nii.gz","731","8","","","","","","","","","","","","","","","","","",""
"2025-12-16 10:19:24","7.1","/data/T1w_seg.nii.gz","732","8","","","","","","","","","","","","","","","","","",""
"2025-12-16 10:19:24","7.1","/data/T1w_seg.nii.gz","733","8","","","","","","","","","","","","","","","","","",""
"2025-12-16 10:19:24","7.1","/data/T1w_seg.nii.gz","734","8","","","","","","","","","","","","","","","","","",""
"2025-12-16 10:19:24","7.1","/data/T1w_seg.nii.gz","735","8","","","","","","","","","","","","","","","","","",""
"2025-12-16 10:19:24","7.1","/data/T1w_seg.nii.gz","736","7","","","","","","","","","","","","","","","","","",""
"2025-12-16 10:19:24","7.1","/data/T1w_seg.nii.gz","737","7","","","","","","","","","","","","","","","","","",""
"2025-12-16 10:19:24","7.1","/data/T1w_seg.nii.gz","738","7","","","","","","","","","","","","","","","","","",""
"2025-12-16 10:19:24","7.1","/data/T1w_seg.nii.gz","739","7","","","","","","","","","","","","","","","","","",""
"2025-12-16 10:19:24","7.1","/data/T1w_seg.nii.gz","740","7","","","","","","","","","","","","","","","","","",""
"2025-12-16 10:19:24","7.1","/data/T1w_seg.nii.gz","741","7","","","","","","","","","","","","","","","","","",""
"2025-12-16 10:19:24","7.1","/data/T1w_seg.nii.gz","742","7","","","","","","","","","","","","","","","","","",""
"2025-12-16 10:19:24","7.1","/data/T1w_seg.nii.gz","743","7","","","","","","","","","","","","","","","","","",""
"2025-12-16 10:19:24","7.1","/data/T1w_seg.nii.gz","744","7","","","","","","","","","","","","","","","","","",""
"2025-12-16 10:19:24","7.1","/data/T1w_seg.nii.gz","745","7","","","","","","","","","","","","","","","","","",""
"2025-12-16 10:19:24","7.1","/data/T1w_seg.nii.gz","746","7","","","","","","","","","","","","","","","","","",""
"2025-12-16 10:19:24","7.1","/data/T1w_seg.nii.gz","747","7","","","","","","","","","","","","","","","","","",""
"2025-12-16 10:19:24","7.1","/data/T1w_seg.nii.gz","748","7","","","","","","","","","","","","","","","","","",""
"2025-12-16 10:19:24","7.1","/data/T1w_seg.nii.gz","749","7","","","","","","","","","","","","","","","","","",""
"2025-12-16 10:19:24","7.1","/data/T1w_seg.nii.gz","750","7","","","","","","","","","","","","","","","","","",""
"2025-12-16 10:19:24","7.1","/data/T1w_seg.nii.gz","751","7","","","","","","","","","","","","","","","","","",""
"2025-12-16 10:19:24","7.1","/data/T1w_seg.nii.gz","752","7","","","","","","","","","","","","","","","","","",""
"2025-12-16 10:19:24","7.1","/data/T1w_seg.nii.gz","753","7","","","","","","","","","","","","","","","","","",""
"2025-12-16 10:19:24","7.1","/data/T1w_seg.nii.gz","754","7","","","","","","","","","","","","","","","","","",""
"2025-12-16 10:19:24","7.1","/data/T1w_seg.nii.gz","755","7","","","","","","","","","","","","","","","","","",""
"2025-12-16 10:19:24","7.1","/data/T1w_seg.nii.gz","756","7","","","","","","","","","","","","","","","","","",""
"2025-12-16 10:19:24","7.1","/data/T1w_seg.nii.gz","757","7","","","","","","","","","","","","","","","","","",""
"2025-12-16 10:19:24","7.1","/data/T1w_seg.nii.gz","758","7","","","","","","","","","","","","","","","","","",""
"2025-12-16 10:19:24","7.1","/data/T1w_seg.nii.gz","759","7","","","","","","","","","","","","","","","","","",""
"2025-12-16 10:19:24","7.1","/data/T1w_seg.nii.gz","760","7","","","","","","","","","","","","","","","","","",""
"2025-12-16 10:19:24","7.1","/data/T1w_seg.nii.gz","761","7","","","","","","","","","","","","","","","","","",""
"2025-12-16 10:19:24","7.1","/data/T1w_seg.nii.gz","762","7","","","","","","","","","","","","","","","","","",""
"2025-12-16 10:19:24","7.1","/data/T1w_seg.nii.gz","763","7","","","","","","","","","","","","","","","","","",""
"2025-12-16 10:19:24","7.1","/data/T1w_seg.nii.gz","764","7","","","","","","","","","","","","","","","","","",""
"2025-12-16 10:19:24","7.1","/data/T1w_seg.nii.gz","765","7","","","","","","","","","","","","","","","","","",""
"2025-12-16 10:19:24","7.1","/data/T1w_seg.nii.gz","766","7","","","","","","","","","","","","","","","","","",""
"2025-12-16 10:19:24","7.1","/data/T1w_seg.nii.gz","767","7","","","","","","","","","","","","","","","","","",""
"2025-12-16 10:19:24","7.1","/data/T1w_seg.nii.gz","768","7","","","","","","","","","","","","","","","","","",""
"2025-12-16 10:19:24","7.1","/data/T1w_seg.nii.gz","769","7","","","","","","","","","","","","","","","","","",""
"2025-12-16 10:19:24","7.1","/data/T1w_seg.nii.gz","770","6","","","","","","","","","","","","","","","","","",""
"2025-12-16 10:19:24","7.1","/data/T1w_seg.nii.gz","771","6","","","","","","","","","","","","","","","","","",""
"2025-12-16 10:19:24","7.1","/data/T1w_seg.nii.gz","772","6","","","","","","","","","","","","","","","","","",""
"2025-12-16 10:19:24","7.1","/data/T1w_seg.nii.gz","773","6","","","","","","","","","","","","","","","","","",""
"2025-12-16 10:19:24","7.1","/data/T1w_seg.nii.gz","774","6","","","","","","","","","","","","","","","","","",""
"2025-12-16 10:19:24","7.1","/data/T1w_seg.nii.gz","775","6","","","","","","","","","","","","","","","","","",""
"2025-12-16 10:19:24","7.1","/data/T1w_seg.nii.gz","776","6","","","","","","","","","","","","","","","","","",""
"2025-12-16 10:19:24","7.1","/data/T1w_seg.nii.gz","777","6","","","","","","","","","","","","","","","","","",""
"2025-12-16 10:19:24","7.1","/data/T1w_seg.nii.gz","778","6","","","","","","","","","","","","","","","","","",""
"2025-12-16 10:19:24","7.1","/data/T1w_seg.nii.gz","779","6","","","","","","","","","","","","","","","","","",""
"2025-12-16 10:19:24","7.1","/data/T1w_seg.nii.gz","780","6","","","","","","","","","","","","","","","","","",""
"2025-12-16 10:19:24","7.1","/data/T1w_seg.nii.gz","781","6","","","","","","","","","","","","","","","","","",""
"2025-12-16 10:19:24","7.1","/data/T1w_seg.nii.gz","782","6","","","","","","","","","","","","","","","","","",""
"2025-12-16 10:19:24","7.1","/data/T1w_seg.nii.gz","783","6","","","","","","","","","","","","","","","","","",""
"2025-12-16 10:19:24","7.1","/data/T1w_seg.nii.gz","784","6","","","","","","","","","","","","","","","","","",""
"2025-12-16 10:19:24","7.1","/data/T1w_seg.nii.gz","785","6","","","","","","","","","","","","","","","","","",""
"2025-12-16 10:19:24","7.1","/data/T1w_seg.nii.gz","786","6","","","","","","","","","","","","","","","","","",""
"2025-12-16 10:19:24","7.1","/data/T1w_seg.nii.gz","787","6","","","","","","","","","","","","","","","","","",""
"2025-12-16 10:19:24","7.1","/data/T1w_seg.nii.gz","788","6","","","","","","","","","","","","","","","","","",""
"2025-12-16 10:19:24","7.1","/data/T1w_seg.nii.gz","789","6","","","","","","","","","","","","","","","","","",""
"2025-12-16 10:19:24","7.1","/data/T1w_seg.nii.gz","790","6","","","","","","","","","","","","","","","","","",""
"2025-12-16 10:19:24","7.1","/data/T1w_seg.nii.gz","791","6","","","","","","","","","","","","","","","","","",""
"2025-12-16 10:19:24","7.1","/data/T1w_seg.nii.gz","792","6","","","","","","","","","","","","","","","","","",""
"2025-12-16 10:19:24","7.1","/data/T1w_seg.nii.gz","793","6","","","","","","","","","","","","","","","","","",""
"2025-12-16 10:19:24","7.1","/data/T1w_seg.nii.gz","794","6","","","","","","","","","","","","","","","","","",""
"2025-12-16 10:19:24","7.1","/data/T1w_seg.nii.gz","795","6","","","","","","","","","","","","","","","","","",""
"2025-12-16 10:19:24","7.1","/data/T1w_seg.nii.gz","796","6","","","","","","","","","","","","","","","","","",""
"2025-12-16 10:19:24","7.1","/data/T1w_seg.nii.gz","797","6","","","","","","","","","","","","","","","","","",""
"2025-12-16 10:19:24","7.1","/data/T1w_seg.nii.gz","798","6","","","","","","","","","","","","","","","","","",""
"2025-12-16 10:19:24","7.1","/data/T1w_seg.nii.gz","799","6","","","","","","","","","","","","","","","","","",""
"2025-12-16 10:19:24","7.1","/data/T1w_seg.nii.gz","800","6","","","","","","","","","","","","","","","","","",""
"2025-12-16 10:19:24","7.1","/data/T1w_seg.nii.gz","801","5","","","","","","","","","","","","","","","","","",""
"2025-12-16 10:19:24","7.1","/data/T1w_seg.nii.gz","802","5","","","","","","","","","","","","","","","","","",""
"2025-12-16 10:19:24","7.1","/data/T1w_seg.nii.gz","803","5","","","","","","","","","","","","","","","","","",""
"2025-12-16 10:19:24","7.1","/data/T1w_seg.nii.gz","804","5","","","","","","","","","","","","","","","","","",""
"2025-12-16 10:19:24","7.1","/data/T1w_seg.nii.gz","805","5","","","","","","","","","","","","","","","","","",""
"2025-12-16 10:19:24","7.1","/data/T1w_seg.nii.gz","806","5","","","","","","","","","","","","","","","","","",""
"2025-12-16 10:19:24","7.1","/data/T1w_seg.nii.gz","807","5","","","","","","","","","","","","","","","","","",""
"2025-12-16 10:19:24","7.1","/data/T1w_seg.nii.gz","808","5","","","","","","","","","","","","","","","","","",""
"2025-12-16 10:19:24","7.1","/data/T1w_seg.nii.gz","809","5","","","","","","","","","","","","","","","","","",""
"2025-12-16 10:19:24","7.1","/data/T1w_seg.nii.gz","810","5","","","","","","","","","","","","","","","","","",""
"2025-12-16 10:19:24","7.1","/data/T1w_seg.nii.gz","811","5","","","","","","","","","","","","","","","","","",""
"2025-12-16 10:19:24","7.1","/data/T1w_seg.nii.gz","812","5","","","","","","","","","","","","","","","","","",""
"2025-12-16 10:19:24","7.1","/data/T1w_seg.nii.gz","813","5","","","","","","","","","","","","","","","","","",""
"2025-12-16 10:19:24","7.1","/data/T1w_seg.nii.gz","814","5","","","","","","","","","","","","","","","","","",""
"2025-12-16 10:19:24","7.1","/data/T1w_seg.nii.gz","815","5","","","","","","","","","","","","","","","","","",""
"2025-12-16 10:19:24","7.1","/data/T1w_seg.nii.gz","816","5","","","","","","","","","","","","","","","","","",""
"2025-12-16 10:19:24","7.1","/data/T1w_seg.nii.gz","817","5","","","","","","","","","","","","","","","","","",""
"2025-12-16 10:19:24","7.1","/data/T1w_seg.nii.gz","818","5","",69.94125434584772,0.0,4.692497936765826,0.0,19.473960892216784,0.0,7.07974057066441,0.0,12.616457467564137,0.0,0.8277133350289932,0.0,1.2792217145700306,0.0,0.9721603563474388,0.0,""
"2025-12-16 10:19:24","7.1","/data/T1w_seg.nii.gz","819","5","",69.50908500901154,0.0,4.558908539196317,0.0,19.283812257803344,0.0,6.986647988727979,0.0,12.581412985676124,0.0,0.8316023273805093,0.0,0.8823733002037305,0.0,0.979238035362757,0.0,""
"2025-12-16 10:19:24","7.1","/data/T1w_seg.nii.gz","820","5","",69.07691567217536,0.0,4.425319141626807,0.0,19.0936636233899,0.0,6.893555406791547,0.0,12.54636850378811,0.0,0.8354913197320253,0.0,0.48552488583743036,0.0,0.9863157143780752,0.0,""
"2025-12-16 10:19:24","7.1","/data/T1w_seg.nii.gz","821","5","",68.64474633533918,0.0,4.291729744057298,0.0,18.90351498897646,0.0,6.800462824855116,0.0,12.511324021900096,0.0,0.8393803120835414,0.0,0.08867647147113043,0.0,0.9933933933933934,0.0,""
"2025-12-16 10:19:24","7.1","/data/T1w_seg.nii.gz","822","5","",68.74543729827734,0.0,4.161835614686137,0.0,18.70534353603501,0.0,6.799491386077834,0.0,12.66224059184603,0.0,0.8434237532598011,0.0,0.4045978361994731,0.0,0.9871519187581363,0.0,""
"2025-12-16 10:19:24","7.1","/data/T1w_seg.nii.gz","823","5","",68.84612826121551,0.0,4.0319414853149755,0.0,18.507172083093554,0.0,6.798519947300552,0.0,12.813157161791963,0.0,0.8474671944360608,0.0,0.7205192009278156,0.0,0.9809104441228794,0.0,""
"2025-12-16 10:19:24","7.1","/data/T1w_seg.nii.gz","824","5","",68.94681922415367,0.0,3.902047355943814,0.0,18.309000630152102,0.0,6.7975485085232705,0.0,12.964073731737898,0.0,0.8515106356123205,0.0,1.036440565656158,0.0,0.9746689694876224,0.0,""
"2025-12-16 10:19:24","7.1","/data/T1w_seg.nii.gz","825","5","",70.49645361527168,0.0,3.7758715451764377,0.0,18.102694304305942,0.0,7.026262152962952,0.0,12.83708385781413,0.0,0.8356461996756975,0.0,0.8982306423920577,0.0,0.9701574642522525,0.0,""
"2025-12-16 10:19:24","7.1","/data/T1w_seg.nii.gz","826","5","",72.04608800638967,0.0,3.649695734409062,0.0,17.896387978459778,0.0,7.254975797402633,0.0,12.710093983890365,0.0,0.8197817637390745,0.0,0.7600207191279575,0.0,0.9656459590168825,0.0,""
"2025-12-16 10:19:24","7.1","/data/T1w_seg.nii.gz","827","5","",73.59572239750766,0.0,3.5235199236416865,0.0,17.690081652613618,0.0,7.483689441842313,0.0,12.583104109966598,0.0,0.8039173278024515,0.0,0.6218107958638573,0.0,0.9611344537815126,0.0,""
"2025-12-16 10:19:24","7.1","/data/T1w_seg.nii.gz","828","5","",72.24373129093502,0.0,3.4010831897688263,0.0,17.475531491005228,0.0,7.239134460272984,0.0,12.628681866675553,0.0,0.8184712607195044,0.0,0.5558179239695703,0.0,0.9685669534085823,0.0,""
"2025-12-16 10:19:24","7.1","/data/T1w_seg.nii.gz","829","5","",70.89174018436236,0.0,3.278646455895966,0.0,17.260981329396838,0.0,6.994579478703654,0.0,12.674259623384506,0.0,0.8330251936365572,0.0,0.4898250520752832,0.0,0.9759994530356522,0.0,""
"2025-12-16 10:19:24","7.1","/data/T1w_seg.nii.gz","830","5","",69.53974907778972,0.0,3.1562097220231062,0.0,17.046431167788448,0.0,6.750024497134326,0.0,12.71983738009346,0.0,0.84757912655361,0.0,0.423832180180998,0.0,0.9834319526627219,0.0,""
"2025-12-16 10:19:24","7.1","/data/T1w_seg.nii.gz","831","5","",70.4069419555616,0.0,3.037530659285545,0.0,16.823532419374462,0.0,6.868921640906764,0.0,12.85669538090285,0.0,0.8453419520371632,0.0,1.489323938791443,0.0,0.9666169727708189,0.0,""
"2025-12-16 10:19:24","7.1","/data/T1w_seg.nii.gz","832","5","",71.27413483333348,0.0,2.9188515965479844,0.0,16.600633670960477,0.0,6.987818784679203,0.0,12.993553381712243,0.0,0.8431047775207164,0.0,2.5548156974018896,0.0,0.949801992878916,0.0,""
"2025-12-16 10:19:24","7.1","/data/T1w_seg.nii.gz","833","5","",72.14132771110536,0.0,2.8001725338104237,0.0,16.37773492254649,0.0,7.106715928451641,0.0,13.130411382521633,0.0,0.8408676030042697,0.0,3.6203074560123327,0.0,0.932987012987013,0.0,""
"2025-12-16 10:19:24","7.1","/data/T1w_seg.nii.gz","834","4","",72.99384809697028,0.0,2.455458033473817,0.0,15.683694962842623,0.0,7.029786217303229,0.0,13.07642482154406,0.0,0.8432048985838165,0.0,1.0582549852651846,0.0,0.9766811279826464,0.0,""
"2025-12-16 10:19:24","7.1","/data/T1w_seg.nii.gz","835","4","",72.76845095261312,0.0,2.3443420786607185,0.0,15.443807843953465,0.0,7.019737895804059,0.0,13.035579804921042,0.0,0.8426166159765867,0.0,1.3547042556580664,0.0,0.9766978526347837,0.0,""
"2025-12-16 10:19:24","7.1","/data/T1w_seg.nii.gz","836","4","",72.54305380825596,0.0,2.2332261238476203,0.0,15.203920725064306,0.0,7.009689574304889,0.0,12.994734788298022,0.0,0.8420283333693569,0.0,1.6511535260509485,0.0,0.9767145772869209,0.0,""
"2025-12-16 10:19:24","7.1","/data/T1w_seg.nii.gz","837","4","",72.3176566638988,0.0,2.1221101690345217,0.0,14.964033606175148,0.0,6.999641252805718,0.0,12.953889771675003,0.0,0.841440050762127,0.0,1.9476027964438303,0.0,0.9767313019390582,0.0,""
"2025-12-16 10:19:24","7.1","/data/T1w_seg.nii.gz","838","4","",71.76448485637076,0.0,2.014795959398351,0.0,14.71552164564972,0.0,7.005592164144577,0.0,12.94385869526666,0.0,0.8408730710967416,0.0,2.120957771273881,0.0,0.9774151355938407,0.0,""
"2025-12-16 10:19:24","7.1","/data/T1w_seg.nii.gz","839","4","",71.21131304884273,0.0,1.9074817497621803,0.0,14.467009685124292,0.0,7.011543075483435,0.0,12.933827618858318,0.0,0.8403060914313563,0.0,2.2943127461039317,0.0,0.9780989692486234,0.0,""
"2025-12-16 10:19:24","7.1","/data/T1w_seg.nii.gz","840","4","",70.65814124131468,0.0,1.8001675401260095,0.0,14.218497724598864,0.0,7.017493986822294,0.0,12.923796542449976,0.0,0.8397391117659708,0.0,2.4676677209339823,0.0,0.9787828029034059,0.0,""
"2025-12-16 10:19:24","7.1","/data/T1w_seg.nii.gz","841","4","",70.09723065118902,0.0,1.6966662836884827,0.0,13.961286261310633,0.0,6.954768229366704,0.0,12.856567727148338,0.0,0.8410611264907749,0.0,1.9698464027200895,0.0,0.9784304266327513,0.0,""
"2025-12-16 10:19:24","7.1","/data/T1w_seg.nii.gz","842","4","",69.53632006106338,0.0,1.5931650272509557,0.0,13.704074798022402,0.0,6.892042471911113,0.0,12.789338911846702,0.0,0.842383141215579,0.0,1.4720250845061966,0.0,0.9780780503620966,0.0,""
"2025-12-16 10:19:24","7.1","/data/T1w_seg.nii.gz","843","4","",68.97540947093772,0.0,1.4896637708134288,0.0,13.446863334734172,0.0,6.829316714455523,0.0,12.722110096545064,0.0,0.8437051559403831,0.0,0.9742037662923041,0.0,0.977725674091442,0.0,""
"2025-12-16 10:19:24","7.1","/data/T1w_seg.nii.gz","844","4","",71.38479115571685,0.0,1.3899851391475182,0.0,13.180889051444602,0.0,7.1250071964468535,0.0,12.683166516116371,0.0,0.8260493146884177,0.0,1.945102245338607,0.0,0.9757002775729888,0.0,""
"2025-12-16 10:19:24","7.1","/data/T1w_seg.nii.gz","845","4","",73.79417284049597,0.0,1.2903065074816076,0.0,12.914914768155032,0.0,7.420697678438185,0.0,12.644222935687676,0.0,0.8083934734364524,0.0,2.91600072438491,0.0,0.9736748810545356,0.0,""
"2025-12-16 10:19:24","7.1","/data/T1w_seg.nii.gz","846","4","",76.20355452527511,0.0,1.190627875815697,0.0,12.648940484865463,0.0,7.716388160429516,0.0,12.605279355258983,0.0,0.790737632184487,0.0,3.886899203431213,0.0,0.9716494845360825,0.0,""
"2025-12-16 10:19:24","7.1","/data/T1w_seg.nii.gz","847","4","",75.5833824244528,0.0,1.0947801235150796,0.0,12.374153130499636,0.0,7.699896801270821,0.0,12.494177036716255,0.0,0.7874334008655974,0.0,2.7921774416537133,0.0,0.9696358115602102,0.0,""
"2025-12-16 10:19:24","7.1","/data/T1w_seg.nii.gz","848","4","",74.96321032363049,0.0,0.9989323712144623,0.0,12.09936577613381,0.0,7.683405442112127,0.0,12.383074718173527,0.0,0.784129169546708,0.0,1.6974556798762142,0.0,0.9676221385843379,0.0,""
"2025-12-16 10:19:24","7.1","/data/T1w_seg.nii.gz","849","4","",74.34303822280818,0.0,0.9030846189138451,0.0,11.824578421767983,0.0,7.666914082953432,0.0,12.2719723996308,0.0,0.7808249382278184,0.0,0.6027339180987152,0.0,0.9656084656084656,0.0,""
"2025-12-16 10:19:24","7.1","/data/T1w_seg.nii.gz","850","4","",72.45938274440817,0.0,0.8110747000967157,0.0,11.54094261828571,0.0,7.5017468153613915,0.0,12.186449510919934,0.0,0.7880005367394788,0.0,0.6675923465138173,0.0,0.9733292055987092,0.0,""
"2025-12-16 10:19:24","7.1","/data/T1w_seg.nii.gz","851","4","",70.57572726600819,0.0,0.7190647812795863,0.0,11.257306814803437,0.0,7.336579547769351,0.0,12.100926622209066,0.0,0.7951761352511391,0.0,0.7324507749289193,0.0,0.9810499455889526,0.0,""
"2025-12-16 10:19:24","7.1","/data/T1w_seg.nii.gz","852","4","",68.69207178760819,0.0,0.6270548624624569,0.0,10.973671011321164,0.0,7.171412280177311,0.0,12.0154037334982,0.0,0.8023517337627994,0.0,0.7973092033440213,0.0,0.9887706855791962,0.0,""
"2025-12-16 10:19:24","7.1","/data/T1w_seg.nii.gz","853","4","",68.82103428957853,0.0,0.5388885439908482,0.0,10.68116813330591,0.0,7.180764933978918,0.0,12.146579899405511,0.0,0.8063961944665389,0.0,2.1217013646580227,0.0,0.9848055745560875,0.0,""
"2025-12-16 10:19:24","7.1","/data/T1w_seg.nii.gz","854","4","",68.9499967915489,0.0,0.45072222551923935,0.0,10.388665255290654,0.0,7.190117587780526,0.0,12.277756065312824,0.0,0.8104406551702784,0.0,3.4460935259720245,0.0,0.9808404635329789,0.0,""
"2025-12-16 10:19:24","7.1","/data/T1w_seg.nii.gz","855","4","",69.07895929351925,0.0,0.36255590704763063,0.0,10.0961623772754,0.0,7.199470241582134,0.0,12.408932231220135,0.0,0.8144851158740178,0.0,4.770485687286026,0.0,0.9768753525098702,0.0,""
"2025-12-16 10:19:24","7.1","/data/T1w_seg.nii.gz","856","4","",68.75339748921496,0.0,0.27823787818314066,0.0,9.794792488786882,0.0,7.139675927578638,0.0,12.351619399670398,0.0,0.8160171933384349,0.0,4.317981143547683,0.0,0.9740634046929234,0.0,""
"2025-12-16 10:19:24","7.1","/data/T1w_seg.nii.gz","857","4","",68.42783568491066,0.0,0.19391984931865067,0.0,9.493422600298366,0.0,7.079881613575144,0.0,12.29430656812066,0.0,0.8175492708028521,0.0,3.8654765998093388,0.0,0.9712514568759766,0.0,""
"2025-12-16 10:19:24","7.1","/data/T1w_seg.nii.gz","858","4","",68.10227388060638,0.0,0.10960182045416064,0.0,9.192052711809849,0.0,7.020087299571649,0.0,12.236993736570923,0.0,0.8190813482672692,0.0,3.4129720560709953,0.0,0.9684395090590298,0.0,""
"2025-12-16 10:19:24","7.1","/data/T1w_seg.nii.gz","859","4","",68.81994940798461,0.0,0.029135798708160854,0.0,8.881836541168191,0.0,7.124068309084939,0.0,12.231814215044293,0.0,0.8127381519557634,0.0,3.0918336961996515,0.0,0.9593838162623004,0.0,""
"2025-12-16 10:19:24","7.1","/data/T1w_seg.nii.gz","860","4","",69.53762493536284,0.0,-0.051330223037838935,0.0,8.571620370526531,0.0,7.22804931859823,0.0,12.226634693517664,0.0,0.8063949556442576,0.0,2.770695336328308,0.0,0.9503281234655712,0.0,""
"2025-12-16 10:19:24","7.1","/data/T1w_seg.nii.gz","861","4","",70.25530046274108,0.0,-0.13179624478383872,0.0,8.261404199884874,0.0,7.332030328111521,0.0,12.221455171991034,0.0,0.8000517593327517,0.0,2.449556976456964,0.0,0.9412724306688418,0.0,""
"2025-12-16 10:19:24","7.1","/data/T1w_seg.nii.gz","862","4","",69.65007887763556,0.0,-0.2084074118129463,0.0,7.942385128944927,0.0,7.334455723086568,0.0,12.180115758112155,0.0,0.7983492002382532,0.0,3.0400496440401685,0.0,0.9413594104808274,0.0,""
"2025-12-16 10:19:24","7.1","/data/T1w_seg.nii.gz","863","4","",69.04485729253004,0.0,-0.2850185788420539,0.0,7.623366058004982,0.0,7.336881118061616,0.0,12.138776344233277,0.0,0.7966466411437545,0.0,3.630542311623373,0.0,0.9414463902928131,0.0,""
"2025-12-16 10:19:24","7.1","/data/T1w_seg.nii.gz","864","4","",68.43963570742453,0.0,-0.3616297458711615,0.0,7.304346987065036,0.0,7.339306513036663,0.0,12.097436930354398,0.0,0.7949440820492559,0.0,4.2210349792065776,0.0,0.9415333701047987,0.0,""
"2025-12-16 10:19:24","7.1","/data/T1w_seg.nii.gz","865","4","",67.15945725700102,0.0,-0.4343839828493011,0.0,6.976593027296798,0.0,7.255970359641775,0.0,12.028410231002919,0.0,0.7975691537779626,0.0,4.508313893364132,0.0,0.9385807686943579,0.0,""
"2025-12-16 10:19:24","7.1","/data/T1w_seg.nii.gz","866","4","",65.8792788065775,0.0,-0.5071382198274407,0.0,6.648839067528561,0.0,7.172634206246887,0.0,11.95938353165144,0.0,0.8001942255066693,0.0,4.795592807521688,0.0,0.9356281672839172,0.0,""
"2025-12-16 10:19:24","7.1","/data/T1w_seg.nii.gz","867","4","",64.599100356154,0.0,-0.5798924568055803,0.0,6.321085107760323,0.0,7.089298052851999,0.0,11.890356832299961,0.0,0.8028192972353759,0.0,5.0828717216792425,0.0,0.9326755658734764,0.0,""
"2025-12-16 10:19:24","7.1","/data/T1w_seg.nii.gz","868","4","",64.96911357840357,0.0,-0.6487883673496412,0.0,5.984690831204187,0.0,7.093696260205357,0.0,11.824310786330072,0.0,0.7999976654404969,0.0,4.1279473637615824,0.0,0.9469039028900099,0.0,""
"2025-12-16 10:19:24","7.1","/data/T1w_seg.nii.gz","869","4","",65.33912680065315,0.0,-0.7176842778937021,0.0,5.64829655464805,0.0,7.098094467558716,0.0,11.758264740360184,0.0,0.797176033645618,0.0,3.1730230058439224,0.0,0.9611322399065434,0.0,""
"2025-12-16 10:19:24","7.1","/data/T1w_seg.nii.gz","870","4","",65.70914002290272,0.0,-0.786580188437763,0.0,5.311902278091914,0.0,7.1024926749120745,0.0,11.692218694390295,0.0,0.7943544018507389,0.0,2.2180986479262623,0.0,0.9753605769230769,0.0,""
"2025-12-16 10:19:24","7.1","/data/T1w_seg.nii.gz","871","3","",65.8060039097405,0.0,-0.9816905218981775,0.0,4.277167445313721,0.0,6.966516079156403,0.0,11.716985662673583,0.0,0.8040471826611849,0.0,2.1438765301379306,0.0,0.9719853836784409,0.0,""
"2025-12-16 10:19:24","7.1","/data/T1w_seg.nii.gz","872","3","",65.83139336139757,0.0,-1.0428678664925917,0.0,3.9238916217037985,0.0,7.0570110534642545,0.0,11.653102690494316,0.0,0.7954338286447499,0.0,2.8507758046067324,0.0,0.974107714194126,0.0,""
"2025-12-16 10:19:24","7.1","/data/T1w_seg.nii.gz","873","3","",65.85678281305466,0.0,-1.1040452110870056,0.0,3.5706157980938755,0.0,7.147506027772107,0.0,11.589219718315052,0.0,0.7868204746283148,0.0,3.5576750790755343,0.0,0.976230044709811,0.0,""
"2025-12-16 10:19:24","7.1","/data/T1w_seg.nii.gz","874","3","",65.88217226471174,0.0,-1.1652225556814197,0.0,3.2173399744839526,0.0,7.238001002079959,0.0,11.525336746135785,0.0,0.7782071206118798,0.0,4.264574353544337,0.0,0.9783523752254961,0.0,""
"2025-12-16 10:19:24","7.1","/data/T1w_seg.nii.gz","875","3","",65.56719246764723,0.0,-1.2225405926594382,0.0,2.855884764166962,0.0,7.246240947386872,0.0,11.468253559935096,0.0,0.7750249348602138,0.0,4.038303375607313,0.0,0.9780798874707113,0.0,""
"2025-12-16 10:19:24","7.1","/data/T1w_seg.nii.gz","876","3","",65.25221267058272,0.0,-1.2798586296374566,0.0,2.4944295538499706,0.0,7.2544808926937865,0.0,11.411170373734405,0.0,0.7718427491085478,0.0,3.8120323976702903,0.0,0.9778073997159263,0.0,""
"2025-12-16 10:19:24","7.1","/data/T1w_seg.nii.gz","877","3","",64.93723287351821,0.0,-1.337176666615475,0.0,2.1329743435329798,0.0,7.2627208380007,0.0,11.354087187533716,0.0,0.7686605633568818,0.0,3.5857614197332675,0.0,0.9775349119611415,0.0,""
"2025-12-16 10:19:24","7.1","/data/T1w_seg.nii.gz","878","3","",64.61411951335637,0.0,-1.3906358727063588,0.0,1.7635576325976656,0.0,7.2308643460548865,0.0,11.362044698124295,0.0,0.7713283273349686,0.0,2.982127904593551,0.0,0.9715124861753446,0.0,""
"2025-12-16 10:19:24","7.1","/data/T1w_seg.nii.gz","879","3","",64.29100615319454,0.0,-1.4440950787972426,0.0,1.3941409216623515,0.0,7.199007854109073,0.0,11.370002208714876,0.0,0.7739960913130554,0.0,2.3784943894538344,0.0,0.9654900603895477,0.0,""
"2025-12-16 10:19:24","7.1","/data/T1w_seg.nii.gz","880","3","",63.9678927930327,0.0,-1.4975542848881265,0.0,1.0247242107270371,0.0,7.16715136216326,0.0,11.377959719305455,0.0,0.7766638552911421,0.0,1.7748608743141177,0.0,0.9594676346037507,0.0,""
"2025-12-16 10:19:24","7.1","/data/T1w_seg.nii.gz","881","3","",63.969746008425716,0.0,-1.5471554176769877,0.0,0.6475980453257015,0.0,7.173603469361203,0.0,11.341060881728096,0.0,0.7745038731421506,0.0,1.7622173755087676,0.0,0.9647631838003234,0.0,""
"2025-12-16 10:19:24","7.1","/data/T1w_seg.nii.gz","882","3","",63.97159922381873,0.0,-1.5967565504658487,0.0,0.27047187992436605,0.0,7.1800555765591465,0.0,11.304162044150738,0.0,0.772343890993159,0.0,1.7495738767034177,0.0,0.9700587329968962,0.0,""
"2025-12-16 10:19:24","7.1","/data/T1w_seg.nii.gz","883","3","",63.97345243921174,0.0,-1.64635768325471,0.0,-0.10665428547696945,0.0,7.18650768375709,0.0,11.267263206573379,0.0,0.7701839088441675,0.0,1.7369303778980676,0.0,0.9753542821934689,0.0,""
"2025-12-16 10:19:24","7.1","/data/T1w_seg.nii.gz","884","3","",63.96679931192676,0.0,-1.6921017156732128,0.0,-0.4912029017570865,0.0,7.189614981463496,0.0,11.267622991944018,0.0,0.7699721955201461,0.0,1.694023509206391,0.0,0.9747652626580537,0.0,""
"2025-12-16 10:19:24","7.1","/data/T1w_seg.nii.gz","885","3","",63.960146184641786,0.0,-1.7378457480917155,0.0,-0.8757515180372035,0.0,7.192722279169902,0.0,11.267982777314659,0.0,0.7697604821961247,0.0,1.6511166405147149,0.0,0.9741762431226387,0.0,""
"2025-12-16 10:19:24","7.1","/data/T1w_seg.nii.gz","886","3","",63.95349305735681,0.0,-1.7835897805102183,0.0,-1.2603001343173206,0.0,7.195829576876308,0.0,11.268342562685298,0.0,0.7695487688721032,0.0,1.6082097718230384,0.0,0.9735872235872236,0.0,""
"2025-12-16 10:19:24","7.1","/data/T1w_seg.nii.gz","887","3","",63.937870171975725,0.0,-1.825477840098212,0.0,-1.6519487908987633,0.0,7.193267639294777,0.0,11.263302390246974,0.0,0.7695003352945277,0.0,1.629039492370473,0.0,0.9727800304487422,0.0,""
"2025-12-16 10:19:24","7.1","/data/T1w_seg.nii.gz","888","3","",63.92224728659463,0.0,-1.8673658996862057,0.0,-2.043597447480206,0.0,7.190705701713245,0.0,11.258262217808648,0.0,0.7694519017169522,0.0,1.6498692129179078,0.0,0.9719728373102606,0.0,""
"2025-12-16 10:19:24","7.1","/data/T1w_seg.nii.gz","889","3","",63.90662440121355,0.0,-1.9092539592741993,0.0,-2.435246104061649,0.0,7.188143764131714,0.0,11.253222045370324,0.0,0.7694034681393767,0.0,1.6706989334653424,0.0,0.9711656441717792,0.0,""
"2025-12-16 10:19:24","7.1","/data/T1w_seg.nii.gz","890","3","",62.88420179881492,0.0,-1.9472872722188919,0.0,-2.833636923694206,0.0,7.121550264558672,0.0,11.16805902872223,0.0,0.7703199817168734,0.0,1.1612400995378955,0.0,0.9686054112970948,0.0,""
"2025-12-16 10:19:24","7.1","/data/T1w_seg.nii.gz","891","3","",61.8617791964163,0.0,-1.9853205851635842,0.0,-3.2320277433267632,0.0,7.054956764985629,0.0,11.082896012074137,0.0,0.7712364952943702,0.0,0.6517812656104489,0.0,0.9660451784224102,0.0,""
"2025-12-16 10:19:24","7.1","/data/T1w_seg.nii.gz","892","3","",60.83935659401767,0.0,-2.023353898108277,0.0,-3.63041856295932,0.0,6.988363265412588,0.0,10.997732995426043,0.0,0.772153008871867,0.0,0.1423224316830023,0.0,0.9634849455477258,0.0,""
"2025-12-16 10:19:24","7.1","/data/T1w_seg.nii.gz","893","3","",61.801772280686166,0.0,-2.057533738059966,0.0,-4.03515856895436,0.0,7.108684997017928,0.0,10.962516479663803,0.0,0.760787081705246,0.0,0.33204507334625977,0.0,0.9629621176706379,0.0,""
"2025-12-16 10:19:24","7.1","/data/T1w_seg.nii.gz","894","3","",62.76418796735465,0.0,-2.0917135780116554,0.0,-4.4398985749493995,0.0,7.229006728623268,0.0,10.92729996390156,0.0,0.7494211545386249,0.0,0.5217677150095172,0.0,0.9624392897935499,0.0,""
"2025-12-16 10:19:24","7.1","/data/T1w_seg.nii.gz","895","3","",63.726603654023144,0.0,-2.1258934179633444,0.0,-4.84463858094444,0.0,7.349328460228609,0.0,10.89208344813932,0.0,0.7380552273720039,0.0,0.7114903566727747,0.0,0.961916461916462,0.0,""
"2025-12-16 10:19:24","7.1","/data/T1w_seg.nii.gz","896","3","",63.350099126049386,0.0,-2.156221059620798,0.0,-5.255300521473187,0.0,7.2913757085732325,0.0,10.916584342230754,0.0,0.7440971248145931,0.0,1.1359912867576487,0.0,0.9604708207328295,0.0,""
"2025-12-16 10:19:24","7.1","/data/T1w_seg.nii.gz","897","3","",62.973594598075636,0.0,-2.186548701278252,0.0,-5.665962462001936,0.0,7.233422956917856,0.0,10.941085236322186,0.0,0.7501390222571822,0.0,1.5604922168425226,0.0,0.959025179549197,0.0,""
"2025-12-16 10:19:24","7.1","/data/T1w_seg.nii.gz","898","3","",62.59709007010188,0.0,-2.2168763429357057,0.0,-6.076624402530683,0.0,7.17547020526248,0.0,10.96558613041362,0.0,0.7561809196997714,0.0,1.9849931469273967,0.0,0.9575795383655645,0.0,""
"2025-12-16 10:19:24","7.1","/data/T1w_seg.nii.gz","899","3","",63.20251000058319,0.0,-2.2433530203900247,0.0,-6.492748053396256,0.0,7.295202305968336,0.0,10.946049548475477,0.0,0.7451322172986413,0.0,1.5552331672145405,0.0,0.9573827746809856,0.0,""
"2025-12-16 10:19:24","7.1","/data/T1w_seg.nii.gz","900","3","",63.8079299310645,0.0,-2.269829697844344,0.0,-6.908871704261829,0.0,7.414934406674193,0.0,10.926512966537336,0.0,0.7340835148975113,0.0,1.1254731875016843,0.0,0.9571860109964069,0.0,""
"2025-12-16 10:19:24","7.1","/data/T1w_seg.nii.gz","901","3","",64.41334986154581,0.0,-2.296306375298663,0.0,-7.324995355127402,0.0,7.534666507380049,0.0,10.906976384599194,0.0,0.7230348124963812,0.0,0.6957132077888282,0.0,0.956989247311828,0.0,""
"2025-12-16 10:19:24","7.1","/data/T1w_seg.nii.gz","902","3","",64.34494452154023,0.0,-2.318933245121569,0.0,-7.746089311995746,0.0,7.530414729388158,0.0,10.870432698946933,0.0,0.7211620675510854,0.0,0.7708238521443171,0.0,0.9599162219242667,0.0,""
"2025-12-16 10:19:24","7.1","/data/T1w_seg.nii.gz","903","3","",64.27653918153463,0.0,-2.3415601149444756,0.0,-8.16718326886409,0.0,7.526162951396269,0.0,10.833889013294671,0.0,0.7192893226057895,0.0,0.845934496499806,0.0,0.9628431965367055,0.0,""
"2025-12-16 10:19:24","7.1","/data/T1w_seg.nii.gz","904","3","",64.20813384152905,0.0,-2.3641869847673815,0.0,-8.588277225732435,0.0,7.521911173404378,0.0,10.797345327642411,0.0,0.7174165776604936,0.0,0.921045140855295,0.0,0.9657701711491442,0.0,""
"2025-12-16 10:19:24","7.1","/data/T1w_seg.nii.gz","905","3","",62.81571657947428,0.0,-2.3829650938283162,0.0,-9.013821184963312,0.0,7.333331703594942,0.0,10.869473827295595,0.0,0.7367116657580949,0.0,1.5684597607551365,0.0,0.9700973341082829,0.0,""
"2025-12-16 10:19:24","7.1","/data/T1w_seg.nii.gz","906","3","",61.423299317419506,0.0,-2.4017432028892514,0.0,-9.439365144194191,0.0,7.144752233785504,0.0,10.941602326948779,0.0,0.7560067538556962,0.0,2.215874380654978,0.0,0.9744244970674217,0.0,""
"2025-12-16 10:19:24","7.1","/data/T1w_seg.nii.gz","907","3","",60.030882055364735,0.0,-2.420521311950186,0.0,-9.864909103425068,0.0,6.956172763976068,0.0,11.013730826601963,0.0,0.7753018419532974,0.0,2.8632890005548197,0.0,0.9787516600265604,0.0,""
"2025-12-16 10:19:24","7.1","/data/T1w_seg.nii.gz","908","2","",60.75014559009992,0.0,-2.465312085938152,0.0,-11.15325164643646,0.0,6.953494967907798,0.0,10.982649895905999,0.0,0.7740418186105337,0.0,5.287513999984041,0.0,0.9661458333333334,0.0,""
"2025-12-16 10:19:24","7.1","/data/T1w_seg.nii.gz","909","2","",61.451759705312206,0.0,-2.477503558289199,0.0,-11.629311496573758,0.0,7.031405385506102,0.0,11.065473885013477,0.0,0.7721676994602905,0.0,3.929819500577474,0.0,0.9689938103864735,0.0,""
"2025-12-16 10:19:24","7.1","/data/T1w_seg.nii.gz","910","2","",62.15337382052449,0.0,-2.4896950306402457,0.0,-12.105371346711056,0.0,7.109315803104405,0.0,11.148297874120955,0.0,0.7702935803100475,0.0,2.5721250011709063,0.0,0.9718417874396136,0.0,""
"2025-12-16 10:19:24","7.1","/data/T1w_seg.nii.gz","911","2","",62.69916053045711,0.0,-2.500732544112337,0.0,-12.582254831941423,0.0,7.158752007245405,0.0,11.203428045568154,0.0,0.7692244394272143,0.0,1.9160584263104787,0.0,0.9724172615184945,0.0,""
"2025-12-16 10:19:24","7.1","/data/T1w_seg.nii.gz","912","2","",62.82940749297725,0.0,-2.508692833907215,0.0,-13.061334677419978,0.0,7.132256975500262,0.0,11.184708036587944,0.0,0.7703019072574744,0.0,3.130999650239756,0.0,0.9669327276660178,0.0,""
"2025-12-16 10:19:24","7.1","/data/T1w_seg.nii.gz","913","2","",62.9596544554974,0.0,-2.5166531237020933,0.0,-13.540414522898534,0.0,7.105761943755119,0.0,11.165988027607733,0.0,0.7713793750877346,0.0,4.345940874169033,0.0,0.9614481938135411,0.0,""
"2025-12-16 10:19:24","7.1","/data/T1w_seg.nii.gz","914","2","",62.16901615383543,0.0,-2.5223057238969084,0.0,-14.020779188778267,0.0,7.0422206089122135,0.0,11.112470706689727,0.0,0.7735696483044486,0.0,4.561741909223853,0.0,0.9579110396464472,0.0,""
"2025-12-16 10:19:24","7.1","/data/T1w_seg.nii.gz","915","2","",60.61097346535503,0.0,-2.526035249425004,0.0,-14.502214538325646,0.0,6.9478073548211725,0.0,11.029955625823558,0.0,0.7766872593432077,0.0,3.944926120216627,0.0,0.9559967018838392,0.0,""
"2025-12-16 10:19:24","7.1","/data/T1w_seg.nii.gz","916","2","",59.05293077687463,0.0,-2.5297647749530996,0.0,-14.983649887873028,0.0,6.8533941007301316,0.0,10.947440544957388,0.0,0.7798048703819668,0.0,3.328110331209401,0.0,0.9540823641212313,0.0,""
"2025-12-16 10:19:24","7.1","/data/T1w_seg.nii.gz","917","2","",58.73917952183928,0.0,-2.5300329281284513,0.0,-15.448441282719987,0.0,6.854729898274533,0.0,10.921624253754958,0.0,0.7784948459780259,0.0,2.6920946846600735,0.0,0.9593810801699859,0.0,""
"2025-12-16 10:19:24","7.1","/data/T1w_seg.nii.gz","918","2","",58.70193747423617,0.0,-2.5295318874476376,0.0,-15.909534020966852,0.0,6.877343262849032,0.0,10.908407693588915,0.0,0.7762009025868184,0.0,2.0518124031013905,0.0,0.9662826970657101,0.0,""
"2025-12-16 10:19:24","7.1","/data/T1w_seg.nii.gz","919","2","",58.77235873168595,0.0,-2.528646247412812,0.0,-16.366817732544167,0.0,6.9067728573191935,0.0,10.90027996218665,0.0,0.7736282775169911,0.0,1.4455312383350807,0.0,0.9728749039922121,0.0,""
"2025-12-16 10:19:24","7.1","/data/T1w_seg.nii.gz","920","2","",59.919413039664704,0.0,-2.523914613837873,0.0,-16.786011177425987,0.0,7.004364750745979,0.0,10.943040518422169,0.0,0.7682688356609663,0.0,1.179261241492503,0.0,0.9763730112264917,0.0,""
"2025-12-16 10:19:24","7.1","/data/T1w_seg.nii.gz","921","2","",61.06646734764346,0.0,-2.5191829802629337,0.0,-17.205204622307807,0.0,7.101956644172764,0.0,10.98580107465769,0.0,0.7629093938049414,0.0,0.9129912446499252,0.0,0.9798711184607712,0.0,""
"2025-12-16 10:19:24","7.1","/data/T1w_seg.nii.gz","922","2","",61.61738169953626,0.0,-2.512912858063856,0.0,-17.60955248842461,0.0,7.125691678437787,0.0,10.98909877154342,0.0,0.7612651066295925,0.0,0.8893234375189525,0.0,0.9824860450044252,0.0,""
"2025-12-16 10:19:24","7.1","/data/T1w_seg.nii.gz","923","2","",61.12505112827866,0.0,-2.5039503807725354,0.0,-17.98792059170263,0.0,7.020177209169723,0.0,10.923336464567011,0.0,0.7661223401454267,0.0,1.2902094623832858,0.0,0.9835554053394845,0.0,""
"2025-12-16 10:19:24","7.1","/data/T1w_seg.nii.gz","924","2","",60.632720557021074,0.0,-2.494987903481215,0.0,-18.366288694980646,0.0,6.914662739901659,0.0,10.857574157590605,0.0,0.7709795736612609,0.0,1.6910954872476194,0.0,0.9846247656745437,0.0,""
"2025-12-16 10:19:24","7.1","/data/T1w_seg.nii.gz","925","2","",61.133271842773325,0.0,-2.483332772493456,0.0,-18.719368450664767,0.0,7.025259632536844,0.0,10.800453377678414,0.0,0.7584107489565224,0.0,1.8697846219962277,0.0,0.9832702703774655,0.0,""
"2025-12-16 10:19:24","7.1","/data/T1w_seg.nii.gz","926","2","",62.20118418967406,0.0,-2.4701389822505906,0.0,-19.05799772200952,0.0,7.259348731973885,0.0,10.74827061323149,0.0,0.7358841766971708,0.0,1.9215041052501367,0.0,0.9805307147191659,0.0,""
"2025-12-16 10:19:24","7.1","/data/T1w_seg.nii.gz","927","2","",63.2690965365748,0.0,-2.4569451920077245,0.0,-19.39662699335427,0.0,7.493437831410926,0.0,10.696087848784565,0.0,0.7133576044378193,0.0,1.9732235885040457,0.0,0.9777911590608662,0.0,""
"2025-12-16 10:19:24","7.1","/data/T1w_seg.nii.gz","928","2","",62.777261354059846,0.0,-2.43990413835285,0.0,-19.700095183017126,0.0,7.287536373775845,0.0,10.902254366148114,0.0,0.7400143881821477,0.0,1.6779418048208823,0.0,0.9745579868942315,0.0,""
"2025-12-16 10:19:24","7.1","/data/T1w_seg.nii.gz","929","2","",62.12945141860332,0.0,-2.4224783583567744,0.0,-20.00004726451179,0.0,7.037635860433553,0.0,11.13425581169271,0.0,0.771589507526844,0.0,1.3479598944440123,0.0,0.9712754530767631,0.0,""
"2025-12-16 10:19:24","7.1","/data/T1w_seg.nii.gz","930","2","",61.780080217853246,0.0,-2.4042829677889035,0.0,-20.29315022296217,0.0,6.874874664777795,0.0,11.286252321096262,0.0,0.7922989997138453,0.0,1.1402477264021744,0.0,0.9685040362338326,0.0,""
"2025-12-16 10:19:24","7.1","/data/T1w_seg.nii.gz","931","2","",62.77368332328219,0.0,-2.3826243296479532,0.0,-20.555432127713285,0.0,7.10424039871144,0.0,11.078226617865104,0.0,0.7641131696912196,0.0,1.4827493988679752,0.0,0.9680326457763225,0.0,""
"2025-12-16 10:19:24","7.1","/data/T1w_seg.nii.gz","932","2","",63.76728642871114,0.0,-2.360965691507003,0.0,-20.817714032464398,0.0,7.333606132645084,0.0,10.870200914633948,0.0,0.7359273396685938,0.0,1.825251071333776,0.0,0.9675612553188123,0.0,""
"2025-12-16 10:19:24","7.1","/data/T1w_seg.nii.gz","933","2","",64.24395986432579,0.0,-2.3373825547256364,0.0,-21.063295460727716,0.0,7.44792536789982,0.0,10.78263814682852,0.0,0.723034316518929,0.0,2.499682931933713,0.0,0.9681152254519664,0.0,""
"2025-12-16 10:19:24","7.1","/data/T1w_seg.nii.gz","934","2","",64.10031769616327,0.0,-2.311490019575769,0.0,-21.288836317205682,0.0,7.424188804739867,0.0,10.839630901533967,0.0,0.7284926616168171,0.0,3.5724310182946084,0.0,0.9698996282939175,0.0,""
"2025-12-16 10:19:24","7.1","/data/T1w_seg.nii.gz","935","2","",63.95667552800076,0.0,-2.2855974844259017,0.0,-21.514377173683645,0.0,7.400452241579913,0.0,10.896623656239415,0.0,0.7339510067147053,0.0,4.645179104655504,0.0,0.9716840311358685,0.0,""
"2025-12-16 10:19:24","7.1","/data/T1w_seg.nii.gz","936","2","",62.777645038650945,0.0,-2.2566248910413127,0.0,-21.71380336289815,0.0,7.2894844905603176,0.0,10.927993379829282,0.0,0.7446191484435878,0.0,4.6668647909139676,0.0,0.971495368173109,0.0,""
"2025-12-16 10:19:24","7.1","/data/T1w_seg.nii.gz","937","2","",61.210343928855906,0.0,-2.2264972758187027,0.0,-21.90343655188886,0.0,7.145805044093357,0.0,10.949754466750807,0.0,0.7572409639090932,0.0,4.294402077134023,0.0,0.970566805533583,0.0,""
"2025-12-16 10:19:24","7.1","/data/T1w_seg.nii.gz","938","2","",59.64304281906087,0.0,-2.1963696605960927,0.0,-22.093069740879567,0.0,7.002125597626396,0.0,10.971515553672331,0.0,0.7698627793745987,0.0,3.9219393633540798,0.0,0.9696382428940569,0.0,""
"2025-12-16 10:19:24","7.1","/data/T1w_seg.nii.gz","939","1","",62.34767864528524,0.0,-2.1026496848266727,0.0,-22.51429612351816,0.0,6.9530419662113445,0.0,11.184343178763125,0.0,0.7832742542589752,0.0,0.5746679127134839,0.0,0.966794380587484,0.0,""
"2025-12-16 10:19:24","7.1","/data/T1w_seg.nii.gz","940","1","",61.64490202993004,0.0,-2.065660303520386,0.0,-22.62916032721512,0.0,6.8608227163116995,0.0,11.217019249154353,0.0,0.7909074676073116,0.0,1.0618039442866725,0.0,0.973048573436591,0.0,""
"2025-12-16 10:19:24","7.1","/data/T1w_seg.nii.gz","941","1","",60.942125414574825,0.0,-2.0286709222140993,0.0,-22.744024530912082,0.0,6.768603466412055,0.0,11.24969531954558,0.0,0.7985406809556478,0.0,1.548939975859861,0.0,0.9793027662856981,0.0,""
"2025-12-16 10:19:24","7.1","/data/T1w_seg.nii.gz","942","1","",60.63461286158668,0.0,-1.9910566041899949,0.0,-22.853861702559062,0.0,6.7395417817646575,0.0,11.257753165339183,0.0,0.8003003833236889,0.0,1.9380267045915969,0.0,0.983343555982657,0.0,""
"2025-12-16 10:19:24","7.1","/data/T1w_seg.nii.gz","943","1","",62.50105265161739,0.0,-1.9500051342178915,0.0,-22.936050197931156,0.0,7.05784670600462,0.0,11.13041077584585,0.0,0.7697557753001065,0.0,1.7878422676953443,0.0,0.9752106283428015,0.0,""
"2025-12-16 10:19:24","7.1","/data/T1w_seg.nii.gz","944","1","",64.36749244164811,0.0,-1.9089536642457878,0.0,-23.01823869330325,0.0,7.376151630244582,0.0,11.003068386352517,0.0,0.7392111672765241,0.0,1.6376578307990917,0.0,0.9670777007029459,0.0,""
"2025-12-16 10:19:24","7.1","/data/T1w_seg.nii.gz","945","1","",65.26822846564195,0.0,-1.8666519099903638,0.0,-23.090475463135775,0.0,7.532521419448535,0.0,10.964484046368696,0.0,0.7256091975672307,0.0,1.3889565742040297,0.0,0.9615190597861184,0.0,""
"2025-12-16 10:19:24","7.1","/data/T1w_seg.nii.gz","946","1","",63.996131016052885,0.0,-1.8215370160974684,0.0,-23.140320850504278,0.0,7.324537154821466,0.0,11.125605317781272,0.0,0.7501281640650878,0.0,0.9185924732866478,0.0,0.9617525639961041,0.0,""
"2025-12-16 10:19:24","7.1","/data/T1w_seg.nii.gz","947","1","",62.7240335664638,0.0,-1.776422122204573,0.0,-23.190166237872777,0.0,7.116552890194398,0.0,11.286726589193849,0.0,0.7746471305629448,0.0,0.4482283723692657,0.0,0.9619860682060899,0.0,""
"2025-12-16 10:19:24","7.1","/data/T1w_seg.nii.gz","948","1","",62.47885732265729,0.0,-1.7294312143935693,0.0,-23.22517796021576,0.0,7.057565809491127,0.0,11.362438044574843,0.0,0.7835317898378855,0.0,0.6165453877438359,0.0,0.9631852186611789,0.0,""
"2025-12-16 10:19:24","7.1","/data/T1w_seg.nii.gz","949","1","",63.43175581893044,0.0,-1.6802516236781058,0.0,-23.24288374002896,0.0,7.172408776698954,0.0,11.338504714585657,0.0,0.774176424019424,0.0,1.5299903721256836,0.0,0.9655109564022215,0.0,""
"2025-12-16 10:19:24","7.1","/data/T1w_seg.nii.gz","950","1","",64.38465431520359,0.0,-1.631072032962642,0.0,-23.260589519842167,0.0,7.287251743906782,0.0,11.31457138459647,0.0,0.7648210582009625,0.0,2.4434353565075324,0.0,0.9678366941432642,0.0,""
"2025-12-16 10:19:24","7.1","/data/T1w_seg.nii.gz","951","1","",65.13588874753545,0.0,-1.5793903793376176,0.0,-23.258561760374327,0.0,7.382278268306943,0.0,11.29311053606944,0.0,0.7566220755134774,0.0,3.3248364438987528,0.0,0.969922055625357,0.0,""
"2025-12-16 10:19:24","7.1","/data/T1w_seg.nii.gz","952","1","",65.761083139904,0.0,-1.5261449363941177,0.0,-23.244200538855836,0.0,7.464919515952314,0.0,11.273194988456257,0.0,0.7491458322828526,0.0,4.186210095670829,0.0,0.971857181945606,0.0,""
"2025-12-16 10:19:24","7.1","/data/T1w_seg.nii.gz","953","1","",66.38627753227254,0.0,-1.4728994934506179,0.0,-23.22983931733734,0.0,7.547560763597685,0.0,11.253279440843077,0.0,0.7416695890522278,0.0,5.047583747442906,0.0,0.973792308265855,0.0,""
"2025-12-16 10:19:24","7.1","/data/T1w_seg.nii.gz","954","1","",65.60972131777493,0.0,-1.4165257197698304,0.0,-23.19076586098367,0.0,7.362442871398884,0.0,11.36102587164297,0.0,0.7593663781802469,0.0,4.247731202453504,0.0,0.976579874284377,0.0,""
"2025-12-16 10:19:24","7.1","/data/T1w_seg.nii.gz","955","1","",64.41263992121745,0.0,-1.3592134468678567,0.0,-23.144278734179444,0.0,7.096997237246832,0.0,11.507070895966788,0.0,0.7846150770158592,0.0,2.94951079843566,0.0,0.9796231722123809,0.0,""
"2025-12-16 10:19:24","7.1","/data/T1w_seg.nii.gz","956","1","",63.21555852465999,0.0,-1.301901173965883,0.0,-23.097791607375218,0.0,6.83155160309478,0.0,11.653115920290603,0.0,0.8098637758514714,0.0,1.6512903944178179,0.0,0.9826664701403849,0.0,""
"2025-12-16 10:19:24","7.1","/data/T1w_seg.nii.gz","957","1","",63.709372146091305,0.0,-1.2408342258637097,0.0,-23.021474492255155,0.0,6.986953263694713,0.0,11.451691104925693,0.0,0.7898812740984429,0.0,1.483564121828872,0.0,0.98103434836287,0.0,""
"2025-12-16 10:19:24","7.1","/data/T1w_seg.nii.gz","958","1","",64.34409368568835,0.0,-1.1794543881615198,0.0,-22.94267154477544,0.0,7.177425532190645,0.0,11.221310469586724,0.0,0.7661295056296943,0.0,1.4100456935256709,0.0,0.9790126082765618,0.0,""
"2025-12-16 10:19:24","7.1","/data/T1w_seg.nii.gz","959","1","",64.97844168172693,0.0,-1.1177616284198044,0.0,-22.861358206340828,0.0,7.365884353334278,0.0,11.006872309413017,0.0,0.7429946351188361,0.0,1.4165349506034435,0.0,0.9763391312612506,0.0,""
"2025-12-16 10:19:24","7.1","/data/T1w_seg.nii.gz","960","1","",65.6083071550639,0.0,-1.0523138042037823,0.0,-22.749920176447475,0.0,7.5301818062503125,0.0,10.983743851222487,0.0,0.7272625401026627,0.0,2.383116432252918,0.0,0.9658448110979034,0.0,""
"2025-12-16 10:19:24","7.1","/data/T1w_seg.nii.gz","961","1","",66.23817262840086,0.0,-0.9868659799877602,0.0,-22.63848214655412,0.0,7.694479259166348,0.0,10.960615393031956,0.0,0.7115304450864893,0.0,3.3496979139023892,0.0,0.9553504909345563,0.0,""
"2025-12-16 10:19:24","7.1","/data/T1w_seg.nii.gz","962","1","",66.67441912300966,0.0,-0.9204793819593191,0.0,-22.519410111108538,0.0,7.816076476143121,0.0,10.946460774164445,0.0,0.7001075330784063,0.0,3.9479511331063315,0.0,0.9503008531607379,0.0,""
"2025-12-16 10:19:24","7.1","/data/T1w_seg.nii.gz","963","1","",66.46526902185786,0.0,-0.8509635378894819,0.0,-22.37489139048885,0.0,7.795339573322354,0.0,10.962218953040333,0.0,0.7030485644306246,0.0,3.3184434774918405,0.0,0.9634001566853488,0.0,""
"2025-12-16 10:19:24","7.1","/data/T1w_seg.nii.gz","964","1","",66.25611892070609,0.0,-0.7814476938196447,0.0,-22.23037266986916,0.0,7.774602670501588,0.0,10.977977131916221,0.0,0.7059895957828427,0.0,2.688935821877352,0.0,0.9764994602099598,0.0,""
"2025-12-16 10:19:24","7.1","/data/T1w_seg.nii.gz","965","1","",66.5579397595761,0.0,-0.7103673941340515,0.0,-22.072912402316355,0.0,7.805327401000644,0.0,10.954322185836677,0.0,0.7011335403563692,0.0,2.0955929486363214,0.0,0.9818811215129098,0.0,""
"2025-12-16 10:19:24","7.1","/data/T1w_seg.nii.gz","966","1","",67.67731410248096,0.0,-0.6367839654632483,0.0,-21.89474565967057,0.0,7.918390744811416,0.0,10.86760623982844,0.0,0.6838021460839889,0.0,1.5601137271928247,0.0,0.9749145552612026,0.0,""
"2025-12-16 10:19:24","7.1","/data/T1w_seg.nii.gz","967","1","",68.79668844538584,0.0,-0.563200536792445,0.0,-21.716578917024783,0.0,8.031454088622187,0.0,10.780890293820203,0.0,0.6664707518116086,0.0,1.0246345057493262,0.0,0.9679479890094954,0.0,""
"2025-12-16 10:19:24","7.1","/data/T1w_seg.nii.gz","968","1","",70.05053357890735,0.0,-0.4874274027932869,0.0,-21.519926567441253,0.0,8.118390533943995,0.0,10.849728878690508,0.0,0.6630814634400891,0.0,1.6378351626884515,0.0,0.9648052290722344,0.0,""
"2025-12-16 10:19:24","7.1","/data/T1w_seg.nii.gz","969","1","",71.41963939010027,0.0,-0.4097773785126817,0.0,-21.30742941191108,0.0,8.182932494846689,0.0,11.05189991859956,0.0,0.6716425515550217,0.0,3.2356185725269553,0.0,0.9649400174044988,0.0,""
"2025-12-16 10:19:24","7.1","/data/T1w_seg.nii.gz","970","1","",72.78874520129321,0.0,-0.3321273542320765,0.0,-21.09493225638091,0.0,8.247474455749384,0.0,11.254070958508612,0.0,0.6802036396699542,0.0,4.83340198236546,0.0,0.9650748057367631,0.0,""
"2025-12-16 10:19:24","7.1","/data/T1w_seg.nii.gz","971","1","",73.11541108646901,0.0,-0.25166312488524983,0.0,-20.85812221675032,0.0,8.295301023205058,0.0,11.22098088730368,0.0,0.6727328042880955,0.0,4.413954012246224,0.0,0.9672387424494389,0.0,""
"2025-12-16 10:19:24","7.1","/data/T1w_seg.nii.gz","972","1","",72.97877033785942,0.0,-0.16994813773121376,0.0,-20.610506450852874,0.0,8.3356985269065,0.0,11.08333032227031,0.0,0.6581366695743294,0.0,3.0979587621457614,0.0,0.970304522886742,0.0,""
"2025-12-16 10:19:24","7.1","/data/T1w_seg.nii.gz","973","1","",72.84212958924982,0.0,-0.08823315057717823,0.0,-20.362890684955435,0.0,8.376096030607942,0.0,10.945679757236942,0.0,0.6435405348605633,0.0,1.7819635120453072,0.0,0.9733703033240451,0.0,""
"2025-12-16 10:19:24","7.1","/data/T1w_seg.nii.gz","974","1","",73.06218166606457,0.0,-0.0030805859082772696,0.0,-20.08481330982735,0.0,8.463824764619353,0.0,10.88990951608551,0.0,0.6286515616069438,0.0,3.7577783303323162,0.0,0.9772891036058676,0.0,""
"2025-12-16 10:19:24","7.1","/data/T1w_seg.nii.gz","975","1","",73.34708698386558,0.0,0.08269699285423548,0.0,-19.801197460293697,0.0,8.560159176868941,0.0,10.849026606548977,0.0,0.6137093449824418,0.0,6.332104070144339,0.0,0.9813629984048756,0.0,""
"2025-12-16 10:19:24","7.1","/data/T1w_seg.nii.gz","976","1","",73.63199230166657,0.0,0.16847457161674764,0.0,-19.517581610760047,0.0,8.65649358911853,0.0,10.808143697012444,0.0,0.59876712835794,0.0,8.906429809956345,0.0,0.9854368932038835,0.0,""
"2025-12-16 10:19:24","7.1","/data/T1w_seg.nii.gz","977","1","","","","","","","","","","","","","","","","","",""
"2025-12-16 10:19:24","7.1","/data/T1w_seg.nii.gz","978","1","","","","","","","","","","","","","","","","","",""
"2025-12-16 10:19:24","7.1","/data/T1w_seg.nii.gz","979","1","","","","","","","","","","","","","","","","","",""
"2025-12-16 10:19:24","7.1","/data/T1w_seg.nii.gz","980","1","","","","","","","","","","","","","","","","","",""
"2025-12-16 10:19:24","7.1","/data/T1w_seg.nii.gz","981","1","","","","","","","","","","","","","","","","","",""
"2025-12-16 10:19:24","7.1","/data/T1w_seg.nii.gz","982","1","","","","","","","","","","","","","","","","","",""
"2025-12-16 10:19:24","7.1","/data/T1w_seg.nii.gz","983","1","","","","","","","","","","","","","","","","","",""
"2025-12-16 10:19:24","7.1","/data/T1w_seg.nii.gz","984","1","","","","","","","","","","","","","","","","","",""
