Timestamp,SCT Version,Filename,Slice (I->S),VertLevel,DistancePMJ,MEAN(area),STD(area),MEAN(angle_AP),STD(angle_AP),MEAN(angle_RL),STD(angle_RL),MEAN(diameter_AP),STD(diameter_AP),MEAN(diameter_RL),STD(diameter_RL),MEAN(eccentricity),STD(eccentricity),MEAN(orientation),STD(orientation),MEAN(solidity),STD(solidity),SUM(length)
"2023-02-22 12:42:31","git-master-aef83eb1482ea9360065ac8d8913aaf18edd4ce8","sub-ucl03/anat/sub-ucl03_T2w_seg.nii.gz","80","20","","","","","","","","","","","","","","","","","",""
"2023-02-22 12:42:31","git-master-aef83eb1482ea9360065ac8d8913aaf18edd4ce8","sub-ucl03/anat/sub-ucl03_T2w_seg.nii.gz","81","20","","","","","","","","","","","","","","","","","",""
"2023-02-22 12:42:31","git-master-aef83eb1482ea9360065ac8d8913aaf18edd4ce8","sub-ucl03/anat/sub-ucl03_T2w_seg.nii.gz","82","20","","","","","","","","","","","","","","","","","",""
"2023-02-22 12:42:31","git-master-aef83eb1482ea9360065ac8d8913aaf18edd4ce8","sub-ucl03/anat/sub-ucl03_T2w_seg.nii.gz","83","20","","","","","","","","","","","","","","","","","",""
"2023-02-22 12:42:31","git-master-aef83eb1482ea9360065ac8d8913aaf18edd4ce8","sub-ucl03/anat/sub-ucl03_T2w_seg.nii.gz","84","20","","","","","","","","","","","","","","","","","",""
"2023-02-22 12:42:31","git-master-aef83eb1482ea9360065ac8d8913aaf18edd4ce8","sub-ucl03/anat/sub-ucl03_T2w_seg.nii.gz","85","20","","","","","","","","","","","","","","","","","",""
"2023-02-22 12:42:31","git-master-aef83eb1482ea9360065ac8d8913aaf18edd4ce8","sub-ucl03/anat/sub-ucl03_T2w_seg.nii.gz","86","20","","","","","","","","","","","","","","","","","",""
"2023-02-22 12:42:31","git-master-aef83eb1482ea9360065ac8d8913aaf18edd4ce8","sub-ucl03/anat/sub-ucl03_T2w_seg.nii.gz","87","20","","","","","","","","","","","","","","","","","",""
"2023-02-22 12:42:31","git-master-aef83eb1482ea9360065ac8d8913aaf18edd4ce8","sub-ucl03/anat/sub-ucl03_T2w_seg.nii.gz","88","20","","","","","","","","","","","","","","","","","",""
"2023-02-22 12:42:31","git-master-aef83eb1482ea9360065ac8d8913aaf18edd4ce8","sub-ucl03/anat/sub-ucl03_T2w_seg.nii.gz","89","20","","","","","","","","","","","","","","","","","",""
"2023-02-22 12:42:31","git-master-aef83eb1482ea9360065ac8d8913aaf18edd4ce8","sub-ucl03/anat/sub-ucl03_T2w_seg.nii.gz","90","20","","","","","","","","","","","","","","","","","",""
"2023-02-22 12:42:31","git-master-aef83eb1482ea9360065ac8d8913aaf18edd4ce8","sub-ucl03/anat/sub-ucl03_T2w_seg.nii.gz","91","20","","","","","","","","","","","","","","","","","",""
"2023-02-22 12:42:31","git-master-aef83eb1482ea9360065ac8d8913aaf18edd4ce8","sub-ucl03/anat/sub-ucl03_T2w_seg.nii.gz","92","20","","","","","","","","","","","","","","","","","",""
"2023-02-22 12:42:31","git-master-aef83eb1482ea9360065ac8d8913aaf18edd4ce8","sub-ucl03/anat/sub-ucl03_T2w_seg.nii.gz","93","20","","","","","","","","","","","","","","","","","",""
"2023-02-22 12:42:31","git-master-aef83eb1482ea9360065ac8d8913aaf18edd4ce8","sub-ucl03/anat/sub-ucl03_T2w_seg.nii.gz","94","20","","","","","","","","","","","","","","","","","",""
"2023-02-22 12:42:31","git-master-aef83eb1482ea9360065ac8d8913aaf18edd4ce8","sub-ucl03/anat/sub-ucl03_T2w_seg.nii.gz","95","20","","","","","","","","","","","","","","","","","",""
"2023-02-22 12:42:31","git-master-aef83eb1482ea9360065ac8d8913aaf18edd4ce8","sub-ucl03/anat/sub-ucl03_T2w_seg.nii.gz","96","20","","","","","","","","","","","","","","","","","",""
"2023-02-22 12:42:31","git-master-aef83eb1482ea9360065ac8d8913aaf18edd4ce8","sub-ucl03/anat/sub-ucl03_T2w_seg.nii.gz","97","20","","","","","","","","","","","","","","","","","",""
"2023-02-22 12:42:31","git-master-aef83eb1482ea9360065ac8d8913aaf18edd4ce8","sub-ucl03/anat/sub-ucl03_T2w_seg.nii.gz","98","20","","","","","","","","","","","","","","","","","",""
"2023-02-22 12:42:31","git-master-aef83eb1482ea9360065ac8d8913aaf18edd4ce8","sub-ucl03/anat/sub-ucl03_T2w_seg.nii.gz","99","20","","","","","","","","","","","","","","","","","",""
"2023-02-22 12:42:31","git-master-aef83eb1482ea9360065ac8d8913aaf18edd4ce8","sub-ucl03/anat/sub-ucl03_T2w_seg.nii.gz","100","20","","","","","","","","","","","","","","","","","",""
"2023-02-22 12:42:31","git-master-aef83eb1482ea9360065ac8d8913aaf18edd4ce8","sub-ucl03/anat/sub-ucl03_T2w_seg.nii.gz","101","20","","","","","","","","","","","","","","","","","",""
"2023-02-22 12:42:31","git-master-aef83eb1482ea9360065ac8d8913aaf18edd4ce8","sub-ucl03/anat/sub-ucl03_T2w_seg.nii.gz","102","20","","","","","","","","","","","","","","","","","",""
"2023-02-22 12:42:31","git-master-aef83eb1482ea9360065ac8d8913aaf18edd4ce8","sub-ucl03/anat/sub-ucl03_T2w_seg.nii.gz","103","20","","","","","","","","","","","","","","","","","",""
"2023-02-22 12:42:31","git-master-aef83eb1482ea9360065ac8d8913aaf18edd4ce8","sub-ucl03/anat/sub-ucl03_T2w_seg.nii.gz","104","20","","","","","","","","","","","","","","","","","",""
"2023-02-22 12:42:31","git-master-aef83eb1482ea9360065ac8d8913aaf18edd4ce8","sub-ucl03/anat/sub-ucl03_T2w_seg.nii.gz","105","19","","","","","","","","","","","","","","","","","",""
"2023-02-22 12:42:31","git-master-aef83eb1482ea9360065ac8d8913aaf18edd4ce8","sub-ucl03/anat/sub-ucl03_T2w_seg.nii.gz","106","19","","","","","","","","","","","","","","","","","",""
"2023-02-22 12:42:31","git-master-aef83eb1482ea9360065ac8d8913aaf18edd4ce8","sub-ucl03/anat/sub-ucl03_T2w_seg.nii.gz","107","19","","","","","","","","","","","","","","","","","",""
"2023-02-22 12:42:31","git-master-aef83eb1482ea9360065ac8d8913aaf18edd4ce8","sub-ucl03/anat/sub-ucl03_T2w_seg.nii.gz","108","19","","","","","","","","","","","","","","","","","",""
"2023-02-22 12:42:31","git-master-aef83eb1482ea9360065ac8d8913aaf18edd4ce8","sub-ucl03/anat/sub-ucl03_T2w_seg.nii.gz","109","19","","","","","","","","","","","","","","","","","",""
"2023-02-22 12:42:31","git-master-aef83eb1482ea9360065ac8d8913aaf18edd4ce8","sub-ucl03/anat/sub-ucl03_T2w_seg.nii.gz","110","19","","","","","","","","","","","","","","","","","",""
"2023-02-22 12:42:31","git-master-aef83eb1482ea9360065ac8d8913aaf18edd4ce8","sub-ucl03/anat/sub-ucl03_T2w_seg.nii.gz","111","19","","","","","","","","","","","","","","","","","",""
"2023-02-22 12:42:31","git-master-aef83eb1482ea9360065ac8d8913aaf18edd4ce8","sub-ucl03/anat/sub-ucl03_T2w_seg.nii.gz","112","19","","","","","","","","","","","","","","","","","",""
"2023-02-22 12:42:31","git-master-aef83eb1482ea9360065ac8d8913aaf18edd4ce8","sub-ucl03/anat/sub-ucl03_T2w_seg.nii.gz","113","19","","","","","","","","","","","","","","","","","",""
"2023-02-22 12:42:31","git-master-aef83eb1482ea9360065ac8d8913aaf18edd4ce8","sub-ucl03/anat/sub-ucl03_T2w_seg.nii.gz","114","19","","","","","","","","","","","","","","","","","",""
"2023-02-22 12:42:31","git-master-aef83eb1482ea9360065ac8d8913aaf18edd4ce8","sub-ucl03/anat/sub-ucl03_T2w_seg.nii.gz","115","19","","","","","","","","","","","","","","","","","",""
"2023-02-22 12:42:31","git-master-aef83eb1482ea9360065ac8d8913aaf18edd4ce8","sub-ucl03/anat/sub-ucl03_T2w_seg.nii.gz","116","19","","","","","","","","","","","","","","","","","",""
"2023-02-22 12:42:31","git-master-aef83eb1482ea9360065ac8d8913aaf18edd4ce8","sub-ucl03/anat/sub-ucl03_T2w_seg.nii.gz","117","19","","","","","","","","","","","","","","","","","",""
"2023-02-22 12:42:31","git-master-aef83eb1482ea9360065ac8d8913aaf18edd4ce8","sub-ucl03/anat/sub-ucl03_T2w_seg.nii.gz","118","19","","","","","","","","","","","","","","","","","",""
"2023-02-22 12:42:31","git-master-aef83eb1482ea9360065ac8d8913aaf18edd4ce8","sub-ucl03/anat/sub-ucl03_T2w_seg.nii.gz","119","19","","","","","","","","","","","","","","","","","",""
"2023-02-22 12:42:31","git-master-aef83eb1482ea9360065ac8d8913aaf18edd4ce8","sub-ucl03/anat/sub-ucl03_T2w_seg.nii.gz","120","19","","","","","","","","","","","","","","","","","",""
"2023-02-22 12:42:31","git-master-aef83eb1482ea9360065ac8d8913aaf18edd4ce8","sub-ucl03/anat/sub-ucl03_T2w_seg.nii.gz","121","19","","","","","","","","","","","","","","","","","",""
"2023-02-22 12:42:31","git-master-aef83eb1482ea9360065ac8d8913aaf18edd4ce8","sub-ucl03/anat/sub-ucl03_T2w_seg.nii.gz","122","19","","","","","","","","","","","","","","","","","",""
"2023-02-22 12:42:31","git-master-aef83eb1482ea9360065ac8d8913aaf18edd4ce8","sub-ucl03/anat/sub-ucl03_T2w_seg.nii.gz","123","19","","","","","","","","","","","","","","","","","",""
"2023-02-22 12:42:31","git-master-aef83eb1482ea9360065ac8d8913aaf18edd4ce8","sub-ucl03/anat/sub-ucl03_T2w_seg.nii.gz","124","19","","","","","","","","","","","","","","","","","",""
"2023-02-22 12:42:31","git-master-aef83eb1482ea9360065ac8d8913aaf18edd4ce8","sub-ucl03/anat/sub-ucl03_T2w_seg.nii.gz","125","19","","","","","","","","","","","","","","","","","",""
"2023-02-22 12:42:31","git-master-aef83eb1482ea9360065ac8d8913aaf18edd4ce8","sub-ucl03/anat/sub-ucl03_T2w_seg.nii.gz","126","19","","","","","","","","","","","","","","","","","",""
"2023-02-22 12:42:31","git-master-aef83eb1482ea9360065ac8d8913aaf18edd4ce8","sub-ucl03/anat/sub-ucl03_T2w_seg.nii.gz","127","19","","","","","","","","","","","","","","","","","",""
"2023-02-22 12:42:31","git-master-aef83eb1482ea9360065ac8d8913aaf18edd4ce8","sub-ucl03/anat/sub-ucl03_T2w_seg.nii.gz","128","19","","","","","","","","","","","","","","","","","",""
"2023-02-22 12:42:31","git-master-aef83eb1482ea9360065ac8d8913aaf18edd4ce8","sub-ucl03/anat/sub-ucl03_T2w_seg.nii.gz","129","19","","","","","","","","","","","","","","","","","",""
"2023-02-22 12:42:31","git-master-aef83eb1482ea9360065ac8d8913aaf18edd4ce8","sub-ucl03/anat/sub-ucl03_T2w_seg.nii.gz","130","19","","","","","","","","","","","","","","","","","",""
"2023-02-22 12:42:31","git-master-aef83eb1482ea9360065ac8d8913aaf18edd4ce8","sub-ucl03/anat/sub-ucl03_T2w_seg.nii.gz","131","19","","","","","","","","","","","","","","","","","",""
"2023-02-22 12:42:31","git-master-aef83eb1482ea9360065ac8d8913aaf18edd4ce8","sub-ucl03/anat/sub-ucl03_T2w_seg.nii.gz","132","19","","","","","","","","","","","","","","","","","",""
"2023-02-22 12:42:31","git-master-aef83eb1482ea9360065ac8d8913aaf18edd4ce8","sub-ucl03/anat/sub-ucl03_T2w_seg.nii.gz","133","19","","","","","","","","","","","","","","","","","",""
"2023-02-22 12:42:31","git-master-aef83eb1482ea9360065ac8d8913aaf18edd4ce8","sub-ucl03/anat/sub-ucl03_T2w_seg.nii.gz","134","19","","","","","","","","","","","","","","","","","",""
"2023-02-22 12:42:31","git-master-aef83eb1482ea9360065ac8d8913aaf18edd4ce8","sub-ucl03/anat/sub-ucl03_T2w_seg.nii.gz","135","19","","","","","","","","","","","","","","","","","",""
"2023-02-22 12:42:31","git-master-aef83eb1482ea9360065ac8d8913aaf18edd4ce8","sub-ucl03/anat/sub-ucl03_T2w_seg.nii.gz","136","19","","","","","","","","","","","","","","","","","",""
"2023-02-22 12:42:31","git-master-aef83eb1482ea9360065ac8d8913aaf18edd4ce8","sub-ucl03/anat/sub-ucl03_T2w_seg.nii.gz","137","19","","","","","","","","","","","","","","","","","",""
"2023-02-22 12:42:31","git-master-aef83eb1482ea9360065ac8d8913aaf18edd4ce8","sub-ucl03/anat/sub-ucl03_T2w_seg.nii.gz","138","19","","","","","","","","","","","","","","","","","",""
"2023-02-22 12:42:31","git-master-aef83eb1482ea9360065ac8d8913aaf18edd4ce8","sub-ucl03/anat/sub-ucl03_T2w_seg.nii.gz","139","19","","","","","","","","","","","","","","","","","",""
"2023-02-22 12:42:31","git-master-aef83eb1482ea9360065ac8d8913aaf18edd4ce8","sub-ucl03/anat/sub-ucl03_T2w_seg.nii.gz","140","19","","","","","","","","","","","","","","","","","",""
"2023-02-22 12:42:31","git-master-aef83eb1482ea9360065ac8d8913aaf18edd4ce8","sub-ucl03/anat/sub-ucl03_T2w_seg.nii.gz","141","19","","","","","","","","","","","","","","","","","",""
"2023-02-22 12:42:31","git-master-aef83eb1482ea9360065ac8d8913aaf18edd4ce8","sub-ucl03/anat/sub-ucl03_T2w_seg.nii.gz","142","19","","","","","","","","","","","","","","","","","",""
"2023-02-22 12:42:31","git-master-aef83eb1482ea9360065ac8d8913aaf18edd4ce8","sub-ucl03/anat/sub-ucl03_T2w_seg.nii.gz","143","19","","","","","","","","","","","","","","","","","",""
"2023-02-22 12:42:31","git-master-aef83eb1482ea9360065ac8d8913aaf18edd4ce8","sub-ucl03/anat/sub-ucl03_T2w_seg.nii.gz","144","19","","","","","","","","","","","","","","","","","",""
"2023-02-22 12:42:31","git-master-aef83eb1482ea9360065ac8d8913aaf18edd4ce8","sub-ucl03/anat/sub-ucl03_T2w_seg.nii.gz","145","19","","","","","","","","","","","","","","","","","",""
"2023-02-22 12:42:31","git-master-aef83eb1482ea9360065ac8d8913aaf18edd4ce8","sub-ucl03/anat/sub-ucl03_T2w_seg.nii.gz","146","19","","","","","","","","","","","","","","","","","",""
"2023-02-22 12:42:31","git-master-aef83eb1482ea9360065ac8d8913aaf18edd4ce8","sub-ucl03/anat/sub-ucl03_T2w_seg.nii.gz","147","19","","","","","","","","","","","","","","","","","",""
"2023-02-22 12:42:31","git-master-aef83eb1482ea9360065ac8d8913aaf18edd4ce8","sub-ucl03/anat/sub-ucl03_T2w_seg.nii.gz","148","19","","","","","","","","","","","","","","","","","",""
"2023-02-22 12:42:31","git-master-aef83eb1482ea9360065ac8d8913aaf18edd4ce8","sub-ucl03/anat/sub-ucl03_T2w_seg.nii.gz","149","19","","","","","","","","","","","","","","","","","",""
"2023-02-22 12:42:31","git-master-aef83eb1482ea9360065ac8d8913aaf18edd4ce8","sub-ucl03/anat/sub-ucl03_T2w_seg.nii.gz","150","19","","","","","","","","","","","","","","","","","",""
"2023-02-22 12:42:31","git-master-aef83eb1482ea9360065ac8d8913aaf18edd4ce8","sub-ucl03/anat/sub-ucl03_T2w_seg.nii.gz","151","19","","","","","","","","","","","","","","","","","",""
"2023-02-22 12:42:31","git-master-aef83eb1482ea9360065ac8d8913aaf18edd4ce8","sub-ucl03/anat/sub-ucl03_T2w_seg.nii.gz","152","19","","","","","","","","","","","","","","","","","",""
"2023-02-22 12:42:31","git-master-aef83eb1482ea9360065ac8d8913aaf18edd4ce8","sub-ucl03/anat/sub-ucl03_T2w_seg.nii.gz","153","19","","","","","","","","","","","","","","","","","",""
"2023-02-22 12:42:31","git-master-aef83eb1482ea9360065ac8d8913aaf18edd4ce8","sub-ucl03/anat/sub-ucl03_T2w_seg.nii.gz","154","19","","","","","","","","","","","","","","","","","",""
"2023-02-22 12:42:31","git-master-aef83eb1482ea9360065ac8d8913aaf18edd4ce8","sub-ucl03/anat/sub-ucl03_T2w_seg.nii.gz","155","19","","","","","","","","","","","","","","","","","",""
"2023-02-22 12:42:31","git-master-aef83eb1482ea9360065ac8d8913aaf18edd4ce8","sub-ucl03/anat/sub-ucl03_T2w_seg.nii.gz","156","19","","","","","","","","","","","","","","","","","",""
"2023-02-22 12:42:31","git-master-aef83eb1482ea9360065ac8d8913aaf18edd4ce8","sub-ucl03/anat/sub-ucl03_T2w_seg.nii.gz","157","19","","","","","","","","","","","","","","","","","",""
"2023-02-22 12:42:31","git-master-aef83eb1482ea9360065ac8d8913aaf18edd4ce8","sub-ucl03/anat/sub-ucl03_T2w_seg.nii.gz","158","19","","","","","","","","","","","","","","","","","",""
"2023-02-22 12:42:31","git-master-aef83eb1482ea9360065ac8d8913aaf18edd4ce8","sub-ucl03/anat/sub-ucl03_T2w_seg.nii.gz","159","19","","","","","","","","","","","","","","","","","",""
"2023-02-22 12:42:31","git-master-aef83eb1482ea9360065ac8d8913aaf18edd4ce8","sub-ucl03/anat/sub-ucl03_T2w_seg.nii.gz","160","19","","","","","","","","","","","","","","","","","",""
"2023-02-22 12:42:31","git-master-aef83eb1482ea9360065ac8d8913aaf18edd4ce8","sub-ucl03/anat/sub-ucl03_T2w_seg.nii.gz","161","19","","","","","","","","","","","","","","","","","",""
"2023-02-22 12:42:31","git-master-aef83eb1482ea9360065ac8d8913aaf18edd4ce8","sub-ucl03/anat/sub-ucl03_T2w_seg.nii.gz","162","19","","","","","","","","","","","","","","","","","",""
"2023-02-22 12:42:31","git-master-aef83eb1482ea9360065ac8d8913aaf18edd4ce8","sub-ucl03/anat/sub-ucl03_T2w_seg.nii.gz","163","19","","","","","","","","","","","","","","","","","",""
"2023-02-22 12:42:31","git-master-aef83eb1482ea9360065ac8d8913aaf18edd4ce8","sub-ucl03/anat/sub-ucl03_T2w_seg.nii.gz","164","19","","","","","","","","","","","","","","","","","",""
"2023-02-22 12:42:31","git-master-aef83eb1482ea9360065ac8d8913aaf18edd4ce8","sub-ucl03/anat/sub-ucl03_T2w_seg.nii.gz","165","19","","","","","","","","","","","","","","","","","",""
"2023-02-22 12:42:31","git-master-aef83eb1482ea9360065ac8d8913aaf18edd4ce8","sub-ucl03/anat/sub-ucl03_T2w_seg.nii.gz","166","19","","","","","","","","","","","","","","","","","",""
"2023-02-22 12:42:31","git-master-aef83eb1482ea9360065ac8d8913aaf18edd4ce8","sub-ucl03/anat/sub-ucl03_T2w_seg.nii.gz","167","19","","","","","","","","","","","","","","","","","",""
"2023-02-22 12:42:31","git-master-aef83eb1482ea9360065ac8d8913aaf18edd4ce8","sub-ucl03/anat/sub-ucl03_T2w_seg.nii.gz","168","19","","","","","","","","","","","","","","","","","",""
"2023-02-22 12:42:31","git-master-aef83eb1482ea9360065ac8d8913aaf18edd4ce8","sub-ucl03/anat/sub-ucl03_T2w_seg.nii.gz","169","18","","","","","","","","","","","","","","","","","",""
"2023-02-22 12:42:31","git-master-aef83eb1482ea9360065ac8d8913aaf18edd4ce8","sub-ucl03/anat/sub-ucl03_T2w_seg.nii.gz","170","18","","","","","","","","","","","","","","","","","",""
"2023-02-22 12:42:31","git-master-aef83eb1482ea9360065ac8d8913aaf18edd4ce8","sub-ucl03/anat/sub-ucl03_T2w_seg.nii.gz","171","18","","","","","","","","","","","","","","","","","",""
"2023-02-22 12:42:31","git-master-aef83eb1482ea9360065ac8d8913aaf18edd4ce8","sub-ucl03/anat/sub-ucl03_T2w_seg.nii.gz","172","18","","","","","","","","","","","","","","","","","",""
"2023-02-22 12:42:31","git-master-aef83eb1482ea9360065ac8d8913aaf18edd4ce8","sub-ucl03/anat/sub-ucl03_T2w_seg.nii.gz","173","18","","","","","","","","","","","","","","","","","",""
"2023-02-22 12:42:31","git-master-aef83eb1482ea9360065ac8d8913aaf18edd4ce8","sub-ucl03/anat/sub-ucl03_T2w_seg.nii.gz","174","18","","","","","","","","","","","","","","","","","",""
"2023-02-22 12:42:31","git-master-aef83eb1482ea9360065ac8d8913aaf18edd4ce8","sub-ucl03/anat/sub-ucl03_T2w_seg.nii.gz","175","18","","","","","","","","","","","","","","","","","",""
"2023-02-22 12:42:31","git-master-aef83eb1482ea9360065ac8d8913aaf18edd4ce8","sub-ucl03/anat/sub-ucl03_T2w_seg.nii.gz","176","18","","","","","","","","","","","","","","","","","",""
"2023-02-22 12:42:31","git-master-aef83eb1482ea9360065ac8d8913aaf18edd4ce8","sub-ucl03/anat/sub-ucl03_T2w_seg.nii.gz","177","18","","","","","","","","","","","","","","","","","",""
"2023-02-22 12:42:31","git-master-aef83eb1482ea9360065ac8d8913aaf18edd4ce8","sub-ucl03/anat/sub-ucl03_T2w_seg.nii.gz","178","18","","","","","","","","","","","","","","","","","",""
"2023-02-22 12:42:31","git-master-aef83eb1482ea9360065ac8d8913aaf18edd4ce8","sub-ucl03/anat/sub-ucl03_T2w_seg.nii.gz","179","18","","","","","","","","","","","","","","","","","",""
"2023-02-22 12:42:31","git-master-aef83eb1482ea9360065ac8d8913aaf18edd4ce8","sub-ucl03/anat/sub-ucl03_T2w_seg.nii.gz","180","18","","","","","","","","","","","","","","","","","",""
"2023-02-22 12:42:31","git-master-aef83eb1482ea9360065ac8d8913aaf18edd4ce8","sub-ucl03/anat/sub-ucl03_T2w_seg.nii.gz","181","18","","","","","","","","","","","","","","","","","",""
"2023-02-22 12:42:31","git-master-aef83eb1482ea9360065ac8d8913aaf18edd4ce8","sub-ucl03/anat/sub-ucl03_T2w_seg.nii.gz","182","18","","","","","","","","","","","","","","","","","",""
"2023-02-22 12:42:31","git-master-aef83eb1482ea9360065ac8d8913aaf18edd4ce8","sub-ucl03/anat/sub-ucl03_T2w_seg.nii.gz","183","18","","","","","","","","","","","","","","","","","",""
"2023-02-22 12:42:31","git-master-aef83eb1482ea9360065ac8d8913aaf18edd4ce8","sub-ucl03/anat/sub-ucl03_T2w_seg.nii.gz","184","18","","","","","","","","","","","","","","","","","",""
"2023-02-22 12:42:31","git-master-aef83eb1482ea9360065ac8d8913aaf18edd4ce8","sub-ucl03/anat/sub-ucl03_T2w_seg.nii.gz","185","18","","","","","","","","","","","","","","","","","",""
"2023-02-22 12:42:31","git-master-aef83eb1482ea9360065ac8d8913aaf18edd4ce8","sub-ucl03/anat/sub-ucl03_T2w_seg.nii.gz","186","18","","","","","","","","","","","","","","","","","",""
"2023-02-22 12:42:31","git-master-aef83eb1482ea9360065ac8d8913aaf18edd4ce8","sub-ucl03/anat/sub-ucl03_T2w_seg.nii.gz","187","18","","","","","","","","","","","","","","","","","",""
"2023-02-22 12:42:31","git-master-aef83eb1482ea9360065ac8d8913aaf18edd4ce8","sub-ucl03/anat/sub-ucl03_T2w_seg.nii.gz","188","18","","","","","","","","","","","","","","","","","",""
"2023-02-22 12:42:31","git-master-aef83eb1482ea9360065ac8d8913aaf18edd4ce8","sub-ucl03/anat/sub-ucl03_T2w_seg.nii.gz","189","18","","","","","","","","","","","","","","","","","",""
"2023-02-22 12:42:31","git-master-aef83eb1482ea9360065ac8d8913aaf18edd4ce8","sub-ucl03/anat/sub-ucl03_T2w_seg.nii.gz","190","18","","","","","","","","","","","","","","","","","",""
"2023-02-22 12:42:31","git-master-aef83eb1482ea9360065ac8d8913aaf18edd4ce8","sub-ucl03/anat/sub-ucl03_T2w_seg.nii.gz","191","18","","","","","","","","","","","","","","","","","",""
"2023-02-22 12:42:31","git-master-aef83eb1482ea9360065ac8d8913aaf18edd4ce8","sub-ucl03/anat/sub-ucl03_T2w_seg.nii.gz","192","18","","","","","","","","","","","","","","","","","",""
"2023-02-22 12:42:31","git-master-aef83eb1482ea9360065ac8d8913aaf18edd4ce8","sub-ucl03/anat/sub-ucl03_T2w_seg.nii.gz","193","18","","","","","","","","","","","","","","","","","",""
"2023-02-22 12:42:31","git-master-aef83eb1482ea9360065ac8d8913aaf18edd4ce8","sub-ucl03/anat/sub-ucl03_T2w_seg.nii.gz","194","18","","","","","","","","","","","","","","","","","",""
"2023-02-22 12:42:31","git-master-aef83eb1482ea9360065ac8d8913aaf18edd4ce8","sub-ucl03/anat/sub-ucl03_T2w_seg.nii.gz","195","18","","","","","","","","","","","","","","","","","",""
"2023-02-22 12:42:31","git-master-aef83eb1482ea9360065ac8d8913aaf18edd4ce8","sub-ucl03/anat/sub-ucl03_T2w_seg.nii.gz","196","18","","","","","","","","","","","","","","","","","",""
"2023-02-22 12:42:31","git-master-aef83eb1482ea9360065ac8d8913aaf18edd4ce8","sub-ucl03/anat/sub-ucl03_T2w_seg.nii.gz","197","18","","","","","","","","","","","","","","","","","",""
"2023-02-22 12:42:31","git-master-aef83eb1482ea9360065ac8d8913aaf18edd4ce8","sub-ucl03/anat/sub-ucl03_T2w_seg.nii.gz","198","18","","","","","","","","","","","","","","","","","",""
"2023-02-22 12:42:31","git-master-aef83eb1482ea9360065ac8d8913aaf18edd4ce8","sub-ucl03/anat/sub-ucl03_T2w_seg.nii.gz","199","18","","","","","","","","","","","","","","","","","",""
"2023-02-22 12:42:31","git-master-aef83eb1482ea9360065ac8d8913aaf18edd4ce8","sub-ucl03/anat/sub-ucl03_T2w_seg.nii.gz","200","18","","","","","","","","","","","","","","","","","",""
"2023-02-22 12:42:31","git-master-aef83eb1482ea9360065ac8d8913aaf18edd4ce8","sub-ucl03/anat/sub-ucl03_T2w_seg.nii.gz","201","18","","","","","","","","","","","","","","","","","",""
"2023-02-22 12:42:31","git-master-aef83eb1482ea9360065ac8d8913aaf18edd4ce8","sub-ucl03/anat/sub-ucl03_T2w_seg.nii.gz","202","18","","","","","","","","","","","","","","","","","",""
"2023-02-22 12:42:31","git-master-aef83eb1482ea9360065ac8d8913aaf18edd4ce8","sub-ucl03/anat/sub-ucl03_T2w_seg.nii.gz","203","18","","","","","","","","","","","","","","","","","",""
"2023-02-22 12:42:31","git-master-aef83eb1482ea9360065ac8d8913aaf18edd4ce8","sub-ucl03/anat/sub-ucl03_T2w_seg.nii.gz","204","18","","","","","","","","","","","","","","","","","",""
"2023-02-22 12:42:31","git-master-aef83eb1482ea9360065ac8d8913aaf18edd4ce8","sub-ucl03/anat/sub-ucl03_T2w_seg.nii.gz","205","18","","","","","","","","","","","","","","","","","",""
"2023-02-22 12:42:31","git-master-aef83eb1482ea9360065ac8d8913aaf18edd4ce8","sub-ucl03/anat/sub-ucl03_T2w_seg.nii.gz","206","18","","","","","","","","","","","","","","","","","",""
"2023-02-22 12:42:31","git-master-aef83eb1482ea9360065ac8d8913aaf18edd4ce8","sub-ucl03/anat/sub-ucl03_T2w_seg.nii.gz","207","18","","","","","","","","","","","","","","","","","",""
"2023-02-22 12:42:31","git-master-aef83eb1482ea9360065ac8d8913aaf18edd4ce8","sub-ucl03/anat/sub-ucl03_T2w_seg.nii.gz","208","18","","","","","","","","","","","","","","","","","",""
"2023-02-22 12:42:31","git-master-aef83eb1482ea9360065ac8d8913aaf18edd4ce8","sub-ucl03/anat/sub-ucl03_T2w_seg.nii.gz","209","18","","","","","","","","","","","","","","","","","",""
"2023-02-22 12:42:31","git-master-aef83eb1482ea9360065ac8d8913aaf18edd4ce8","sub-ucl03/anat/sub-ucl03_T2w_seg.nii.gz","210","18","","","","","","","","","","","","","","","","","",""
"2023-02-22 12:42:31","git-master-aef83eb1482ea9360065ac8d8913aaf18edd4ce8","sub-ucl03/anat/sub-ucl03_T2w_seg.nii.gz","211","18","","","","","","","","","","","","","","","","","",""
"2023-02-22 12:42:31","git-master-aef83eb1482ea9360065ac8d8913aaf18edd4ce8","sub-ucl03/anat/sub-ucl03_T2w_seg.nii.gz","212","18","","","","","","","","","","","","","","","","","",""
"2023-02-22 12:42:31","git-master-aef83eb1482ea9360065ac8d8913aaf18edd4ce8","sub-ucl03/anat/sub-ucl03_T2w_seg.nii.gz","213","18","","","","","","","","","","","","","","","","","",""
"2023-02-22 12:42:31","git-master-aef83eb1482ea9360065ac8d8913aaf18edd4ce8","sub-ucl03/anat/sub-ucl03_T2w_seg.nii.gz","214","18","","","","","","","","","","","","","","","","","",""
"2023-02-22 12:42:31","git-master-aef83eb1482ea9360065ac8d8913aaf18edd4ce8","sub-ucl03/anat/sub-ucl03_T2w_seg.nii.gz","215","18","","","","","","","","","","","","","","","","","",""
"2023-02-22 12:42:31","git-master-aef83eb1482ea9360065ac8d8913aaf18edd4ce8","sub-ucl03/anat/sub-ucl03_T2w_seg.nii.gz","216","18","","","","","","","","","","","","","","","","","",""
"2023-02-22 12:42:31","git-master-aef83eb1482ea9360065ac8d8913aaf18edd4ce8","sub-ucl03/anat/sub-ucl03_T2w_seg.nii.gz","217","18","","","","","","","","","","","","","","","","","",""
"2023-02-22 12:42:31","git-master-aef83eb1482ea9360065ac8d8913aaf18edd4ce8","sub-ucl03/anat/sub-ucl03_T2w_seg.nii.gz","218","18","","","","","","","","","","","","","","","","","",""
"2023-02-22 12:42:31","git-master-aef83eb1482ea9360065ac8d8913aaf18edd4ce8","sub-ucl03/anat/sub-ucl03_T2w_seg.nii.gz","219","18","","","","","","","","","","","","","","","","","",""
"2023-02-22 12:42:31","git-master-aef83eb1482ea9360065ac8d8913aaf18edd4ce8","sub-ucl03/anat/sub-ucl03_T2w_seg.nii.gz","220","18","","","","","","","","","","","","","","","","","",""
"2023-02-22 12:42:31","git-master-aef83eb1482ea9360065ac8d8913aaf18edd4ce8","sub-ucl03/anat/sub-ucl03_T2w_seg.nii.gz","221","18","","","","","","","","","","","","","","","","","",""
"2023-02-22 12:42:31","git-master-aef83eb1482ea9360065ac8d8913aaf18edd4ce8","sub-ucl03/anat/sub-ucl03_T2w_seg.nii.gz","222","18","","","","","","","","","","","","","","","","","",""
"2023-02-22 12:42:31","git-master-aef83eb1482ea9360065ac8d8913aaf18edd4ce8","sub-ucl03/anat/sub-ucl03_T2w_seg.nii.gz","223","18","","","","","","","","","","","","","","","","","",""
"2023-02-22 12:42:31","git-master-aef83eb1482ea9360065ac8d8913aaf18edd4ce8","sub-ucl03/anat/sub-ucl03_T2w_seg.nii.gz","224","18","","","","","","","","","","","","","","","","","",""
"2023-02-22 12:42:31","git-master-aef83eb1482ea9360065ac8d8913aaf18edd4ce8","sub-ucl03/anat/sub-ucl03_T2w_seg.nii.gz","225","18","","","","","","","","","","","","","","","","","",""
"2023-02-22 12:42:31","git-master-aef83eb1482ea9360065ac8d8913aaf18edd4ce8","sub-ucl03/anat/sub-ucl03_T2w_seg.nii.gz","226","18","","","","","","","","","","","","","","","","","",""
"2023-02-22 12:42:31","git-master-aef83eb1482ea9360065ac8d8913aaf18edd4ce8","sub-ucl03/anat/sub-ucl03_T2w_seg.nii.gz","227","18","","","","","","","","","","","","","","","","","",""
"2023-02-22 12:42:31","git-master-aef83eb1482ea9360065ac8d8913aaf18edd4ce8","sub-ucl03/anat/sub-ucl03_T2w_seg.nii.gz","228","18","","","","","","","","","","","","","","","","","",""
"2023-02-22 12:42:31","git-master-aef83eb1482ea9360065ac8d8913aaf18edd4ce8","sub-ucl03/anat/sub-ucl03_T2w_seg.nii.gz","229","18","","","","","","","","","","","","","","","","","",""
"2023-02-22 12:42:31","git-master-aef83eb1482ea9360065ac8d8913aaf18edd4ce8","sub-ucl03/anat/sub-ucl03_T2w_seg.nii.gz","230","18","","","","","","","","","","","","","","","","","",""
"2023-02-22 12:42:31","git-master-aef83eb1482ea9360065ac8d8913aaf18edd4ce8","sub-ucl03/anat/sub-ucl03_T2w_seg.nii.gz","231","18","","","","","","","","","","","","","","","","","",""
"2023-02-22 12:42:31","git-master-aef83eb1482ea9360065ac8d8913aaf18edd4ce8","sub-ucl03/anat/sub-ucl03_T2w_seg.nii.gz","232","17","","","","","","","","","","","","","","","","","",""
"2023-02-22 12:42:31","git-master-aef83eb1482ea9360065ac8d8913aaf18edd4ce8","sub-ucl03/anat/sub-ucl03_T2w_seg.nii.gz","233","17","","","","","","","","","","","","","","","","","",""
"2023-02-22 12:42:31","git-master-aef83eb1482ea9360065ac8d8913aaf18edd4ce8","sub-ucl03/anat/sub-ucl03_T2w_seg.nii.gz","234","17","","","","","","","","","","","","","","","","","",""
"2023-02-22 12:42:31","git-master-aef83eb1482ea9360065ac8d8913aaf18edd4ce8","sub-ucl03/anat/sub-ucl03_T2w_seg.nii.gz","235","17","","","","","","","","","","","","","","","","","",""
"2023-02-22 12:42:31","git-master-aef83eb1482ea9360065ac8d8913aaf18edd4ce8","sub-ucl03/anat/sub-ucl03_T2w_seg.nii.gz","236","17","","","","","","","","","","","","","","","","","",""
"2023-02-22 12:42:31","git-master-aef83eb1482ea9360065ac8d8913aaf18edd4ce8","sub-ucl03/anat/sub-ucl03_T2w_seg.nii.gz","237","17","","","","","","","","","","","","","","","","","",""
"2023-02-22 12:42:31","git-master-aef83eb1482ea9360065ac8d8913aaf18edd4ce8","sub-ucl03/anat/sub-ucl03_T2w_seg.nii.gz","238","17","","","","","","","","","","","","","","","","","",""
"2023-02-22 12:42:31","git-master-aef83eb1482ea9360065ac8d8913aaf18edd4ce8","sub-ucl03/anat/sub-ucl03_T2w_seg.nii.gz","239","17","","","","","","","","","","","","","","","","","",""
"2023-02-22 12:42:31","git-master-aef83eb1482ea9360065ac8d8913aaf18edd4ce8","sub-ucl03/anat/sub-ucl03_T2w_seg.nii.gz","240","17","","","","","","","","","","","","","","","","","",""
"2023-02-22 12:42:31","git-master-aef83eb1482ea9360065ac8d8913aaf18edd4ce8","sub-ucl03/anat/sub-ucl03_T2w_seg.nii.gz","241","17","","","","","","","","","","","","","","","","","",""
"2023-02-22 12:42:31","git-master-aef83eb1482ea9360065ac8d8913aaf18edd4ce8","sub-ucl03/anat/sub-ucl03_T2w_seg.nii.gz","242","17","","","","","","","","","","","","","","","","","",""
"2023-02-22 12:42:31","git-master-aef83eb1482ea9360065ac8d8913aaf18edd4ce8","sub-ucl03/anat/sub-ucl03_T2w_seg.nii.gz","243","17","","","","","","","","","","","","","","","","","",""
"2023-02-22 12:42:31","git-master-aef83eb1482ea9360065ac8d8913aaf18edd4ce8","sub-ucl03/anat/sub-ucl03_T2w_seg.nii.gz","244","17","","","","","","","","","","","","","","","","","",""
"2023-02-22 12:42:31","git-master-aef83eb1482ea9360065ac8d8913aaf18edd4ce8","sub-ucl03/anat/sub-ucl03_T2w_seg.nii.gz","245","17","","","","","","","","","","","","","","","","","",""
"2023-02-22 12:42:31","git-master-aef83eb1482ea9360065ac8d8913aaf18edd4ce8","sub-ucl03/anat/sub-ucl03_T2w_seg.nii.gz","246","17","","","","","","","","","","","","","","","","","",""
"2023-02-22 12:42:31","git-master-aef83eb1482ea9360065ac8d8913aaf18edd4ce8","sub-ucl03/anat/sub-ucl03_T2w_seg.nii.gz","247","17","","","","","","","","","","","","","","","","","",""
"2023-02-22 12:42:31","git-master-aef83eb1482ea9360065ac8d8913aaf18edd4ce8","sub-ucl03/anat/sub-ucl03_T2w_seg.nii.gz","248","17","","","","","","","","","","","","","","","","","",""
"2023-02-22 12:42:31","git-master-aef83eb1482ea9360065ac8d8913aaf18edd4ce8","sub-ucl03/anat/sub-ucl03_T2w_seg.nii.gz","249","17","","","","","","","","","","","","","","","","","",""
"2023-02-22 12:42:31","git-master-aef83eb1482ea9360065ac8d8913aaf18edd4ce8","sub-ucl03/anat/sub-ucl03_T2w_seg.nii.gz","250","17","","","","","","","","","","","","","","","","","",""
"2023-02-22 12:42:31","git-master-aef83eb1482ea9360065ac8d8913aaf18edd4ce8","sub-ucl03/anat/sub-ucl03_T2w_seg.nii.gz","251","17","","","","","","","","","","","","","","","","","",""
"2023-02-22 12:42:31","git-master-aef83eb1482ea9360065ac8d8913aaf18edd4ce8","sub-ucl03/anat/sub-ucl03_T2w_seg.nii.gz","252","17","","","","","","","","","","","","","","","","","",""
"2023-02-22 12:42:31","git-master-aef83eb1482ea9360065ac8d8913aaf18edd4ce8","sub-ucl03/anat/sub-ucl03_T2w_seg.nii.gz","253","17","","","","","","","","","","","","","","","","","",""
"2023-02-22 12:42:31","git-master-aef83eb1482ea9360065ac8d8913aaf18edd4ce8","sub-ucl03/anat/sub-ucl03_T2w_seg.nii.gz","254","17","","","","","","","","","","","","","","","","","",""
"2023-02-22 12:42:31","git-master-aef83eb1482ea9360065ac8d8913aaf18edd4ce8","sub-ucl03/anat/sub-ucl03_T2w_seg.nii.gz","255","17","","","","","","","","","","","","","","","","","",""
"2023-02-22 12:42:31","git-master-aef83eb1482ea9360065ac8d8913aaf18edd4ce8","sub-ucl03/anat/sub-ucl03_T2w_seg.nii.gz","256","17","","","","","","","","","","","","","","","","","",""
"2023-02-22 12:42:31","git-master-aef83eb1482ea9360065ac8d8913aaf18edd4ce8","sub-ucl03/anat/sub-ucl03_T2w_seg.nii.gz","257","17","","","","","","","","","","","","","","","","","",""
"2023-02-22 12:42:31","git-master-aef83eb1482ea9360065ac8d8913aaf18edd4ce8","sub-ucl03/anat/sub-ucl03_T2w_seg.nii.gz","258","17","","","","","","","","","","","","","","","","","",""
"2023-02-22 12:42:31","git-master-aef83eb1482ea9360065ac8d8913aaf18edd4ce8","sub-ucl03/anat/sub-ucl03_T2w_seg.nii.gz","259","17","","","","","","","","","","","","","","","","","",""
"2023-02-22 12:42:31","git-master-aef83eb1482ea9360065ac8d8913aaf18edd4ce8","sub-ucl03/anat/sub-ucl03_T2w_seg.nii.gz","260","17","","","","","","","","","","","","","","","","","",""
"2023-02-22 12:42:31","git-master-aef83eb1482ea9360065ac8d8913aaf18edd4ce8","sub-ucl03/anat/sub-ucl03_T2w_seg.nii.gz","261","17","","","","","","","","","","","","","","","","","",""
"2023-02-22 12:42:31","git-master-aef83eb1482ea9360065ac8d8913aaf18edd4ce8","sub-ucl03/anat/sub-ucl03_T2w_seg.nii.gz","262","17","","","","","","","","","","","","","","","","","",""
"2023-02-22 12:42:31","git-master-aef83eb1482ea9360065ac8d8913aaf18edd4ce8","sub-ucl03/anat/sub-ucl03_T2w_seg.nii.gz","263","17","","","","","","","","","","","","","","","","","",""
"2023-02-22 12:42:31","git-master-aef83eb1482ea9360065ac8d8913aaf18edd4ce8","sub-ucl03/anat/sub-ucl03_T2w_seg.nii.gz","264","17","","","","","","","","","","","","","","","","","",""
"2023-02-22 12:42:31","git-master-aef83eb1482ea9360065ac8d8913aaf18edd4ce8","sub-ucl03/anat/sub-ucl03_T2w_seg.nii.gz","265","17","","","","","","","","","","","","","","","","","",""
"2023-02-22 12:42:31","git-master-aef83eb1482ea9360065ac8d8913aaf18edd4ce8","sub-ucl03/anat/sub-ucl03_T2w_seg.nii.gz","266","17","","","","","","","","","","","","","","","","","",""
"2023-02-22 12:42:31","git-master-aef83eb1482ea9360065ac8d8913aaf18edd4ce8","sub-ucl03/anat/sub-ucl03_T2w_seg.nii.gz","267","17","","","","","","","","","","","","","","","","","",""
"2023-02-22 12:42:31","git-master-aef83eb1482ea9360065ac8d8913aaf18edd4ce8","sub-ucl03/anat/sub-ucl03_T2w_seg.nii.gz","268","17","","","","","","","","","","","","","","","","","",""
"2023-02-22 12:42:31","git-master-aef83eb1482ea9360065ac8d8913aaf18edd4ce8","sub-ucl03/anat/sub-ucl03_T2w_seg.nii.gz","269","17","","","","","","","","","","","","","","","","","",""
"2023-02-22 12:42:31","git-master-aef83eb1482ea9360065ac8d8913aaf18edd4ce8","sub-ucl03/anat/sub-ucl03_T2w_seg.nii.gz","270","17","","","","","","","","","","","","","","","","","",""
"2023-02-22 12:42:31","git-master-aef83eb1482ea9360065ac8d8913aaf18edd4ce8","sub-ucl03/anat/sub-ucl03_T2w_seg.nii.gz","271","17","","","","","","","","","","","","","","","","","",""
"2023-02-22 12:42:31","git-master-aef83eb1482ea9360065ac8d8913aaf18edd4ce8","sub-ucl03/anat/sub-ucl03_T2w_seg.nii.gz","272","17","","","","","","","","","","","","","","","","","",""
"2023-02-22 12:42:31","git-master-aef83eb1482ea9360065ac8d8913aaf18edd4ce8","sub-ucl03/anat/sub-ucl03_T2w_seg.nii.gz","273","17","","","","","","","","","","","","","","","","","",""
"2023-02-22 12:42:31","git-master-aef83eb1482ea9360065ac8d8913aaf18edd4ce8","sub-ucl03/anat/sub-ucl03_T2w_seg.nii.gz","274","17","","","","","","","","","","","","","","","","","",""
"2023-02-22 12:42:31","git-master-aef83eb1482ea9360065ac8d8913aaf18edd4ce8","sub-ucl03/anat/sub-ucl03_T2w_seg.nii.gz","275","17","","","","","","","","","","","","","","","","","",""
"2023-02-22 12:42:31","git-master-aef83eb1482ea9360065ac8d8913aaf18edd4ce8","sub-ucl03/anat/sub-ucl03_T2w_seg.nii.gz","276","17","","","","","","","","","","","","","","","","","",""
"2023-02-22 12:42:31","git-master-aef83eb1482ea9360065ac8d8913aaf18edd4ce8","sub-ucl03/anat/sub-ucl03_T2w_seg.nii.gz","277","17","","","","","","","","","","","","","","","","","",""
"2023-02-22 12:42:31","git-master-aef83eb1482ea9360065ac8d8913aaf18edd4ce8","sub-ucl03/anat/sub-ucl03_T2w_seg.nii.gz","278","17","","","","","","","","","","","","","","","","","",""
"2023-02-22 12:42:31","git-master-aef83eb1482ea9360065ac8d8913aaf18edd4ce8","sub-ucl03/anat/sub-ucl03_T2w_seg.nii.gz","279","17","","","","","","","","","","","","","","","","","",""
"2023-02-22 12:42:31","git-master-aef83eb1482ea9360065ac8d8913aaf18edd4ce8","sub-ucl03/anat/sub-ucl03_T2w_seg.nii.gz","280","17","","","","","","","","","","","","","","","","","",""
"2023-02-22 12:42:31","git-master-aef83eb1482ea9360065ac8d8913aaf18edd4ce8","sub-ucl03/anat/sub-ucl03_T2w_seg.nii.gz","281","17","","","","","","","","","","","","","","","","","",""
"2023-02-22 12:42:31","git-master-aef83eb1482ea9360065ac8d8913aaf18edd4ce8","sub-ucl03/anat/sub-ucl03_T2w_seg.nii.gz","282","17","","","","","","","","","","","","","","","","","",""
"2023-02-22 12:42:31","git-master-aef83eb1482ea9360065ac8d8913aaf18edd4ce8","sub-ucl03/anat/sub-ucl03_T2w_seg.nii.gz","283","17","","","","","","","","","","","","","","","","","",""
"2023-02-22 12:42:31","git-master-aef83eb1482ea9360065ac8d8913aaf18edd4ce8","sub-ucl03/anat/sub-ucl03_T2w_seg.nii.gz","284","17","","","","","","","","","","","","","","","","","",""
"2023-02-22 12:42:31","git-master-aef83eb1482ea9360065ac8d8913aaf18edd4ce8","sub-ucl03/anat/sub-ucl03_T2w_seg.nii.gz","285","17","","","","","","","","","","","","","","","","","",""
"2023-02-22 12:42:31","git-master-aef83eb1482ea9360065ac8d8913aaf18edd4ce8","sub-ucl03/anat/sub-ucl03_T2w_seg.nii.gz","286","17","","","","","","","","","","","","","","","","","",""
"2023-02-22 12:42:31","git-master-aef83eb1482ea9360065ac8d8913aaf18edd4ce8","sub-ucl03/anat/sub-ucl03_T2w_seg.nii.gz","287","17","","","","","","","","","","","","","","","","","",""
"2023-02-22 12:42:31","git-master-aef83eb1482ea9360065ac8d8913aaf18edd4ce8","sub-ucl03/anat/sub-ucl03_T2w_seg.nii.gz","288","17","","","","","","","","","","","","","","","","","",""
"2023-02-22 12:42:31","git-master-aef83eb1482ea9360065ac8d8913aaf18edd4ce8","sub-ucl03/anat/sub-ucl03_T2w_seg.nii.gz","289","17","","","","","","","","","","","","","","","","","",""
"2023-02-22 12:42:31","git-master-aef83eb1482ea9360065ac8d8913aaf18edd4ce8","sub-ucl03/anat/sub-ucl03_T2w_seg.nii.gz","290","16","","","","","","","","","","","","","","","","","",""
"2023-02-22 12:42:31","git-master-aef83eb1482ea9360065ac8d8913aaf18edd4ce8","sub-ucl03/anat/sub-ucl03_T2w_seg.nii.gz","291","16","","","","","","","","","","","","","","","","","",""
"2023-02-22 12:42:31","git-master-aef83eb1482ea9360065ac8d8913aaf18edd4ce8","sub-ucl03/anat/sub-ucl03_T2w_seg.nii.gz","292","16","","","","","","","","","","","","","","","","","",""
"2023-02-22 12:42:31","git-master-aef83eb1482ea9360065ac8d8913aaf18edd4ce8","sub-ucl03/anat/sub-ucl03_T2w_seg.nii.gz","293","16","","","","","","","","","","","","","","","","","",""
"2023-02-22 12:42:31","git-master-aef83eb1482ea9360065ac8d8913aaf18edd4ce8","sub-ucl03/anat/sub-ucl03_T2w_seg.nii.gz","294","16","","","","","","","","","","","","","","","","","",""
"2023-02-22 12:42:31","git-master-aef83eb1482ea9360065ac8d8913aaf18edd4ce8","sub-ucl03/anat/sub-ucl03_T2w_seg.nii.gz","295","16","","","","","","","","","","","","","","","","","",""
"2023-02-22 12:42:31","git-master-aef83eb1482ea9360065ac8d8913aaf18edd4ce8","sub-ucl03/anat/sub-ucl03_T2w_seg.nii.gz","296","16","","","","","","","","","","","","","","","","","",""
"2023-02-22 12:42:31","git-master-aef83eb1482ea9360065ac8d8913aaf18edd4ce8","sub-ucl03/anat/sub-ucl03_T2w_seg.nii.gz","297","16","","","","","","","","","","","","","","","","","",""
"2023-02-22 12:42:31","git-master-aef83eb1482ea9360065ac8d8913aaf18edd4ce8","sub-ucl03/anat/sub-ucl03_T2w_seg.nii.gz","298","16","","","","","","","","","","","","","","","","","",""
"2023-02-22 12:42:31","git-master-aef83eb1482ea9360065ac8d8913aaf18edd4ce8","sub-ucl03/anat/sub-ucl03_T2w_seg.nii.gz","299","16","","","","","","","","","","","","","","","","","",""
"2023-02-22 12:42:31","git-master-aef83eb1482ea9360065ac8d8913aaf18edd4ce8","sub-ucl03/anat/sub-ucl03_T2w_seg.nii.gz","300","16","","","","","","","","","","","","","","","","","",""
"2023-02-22 12:42:31","git-master-aef83eb1482ea9360065ac8d8913aaf18edd4ce8","sub-ucl03/anat/sub-ucl03_T2w_seg.nii.gz","301","16","","","","","","","","","","","","","","","","","",""
"2023-02-22 12:42:31","git-master-aef83eb1482ea9360065ac8d8913aaf18edd4ce8","sub-ucl03/anat/sub-ucl03_T2w_seg.nii.gz","302","16","","","","","","","","","","","","","","","","","",""
"2023-02-22 12:42:31","git-master-aef83eb1482ea9360065ac8d8913aaf18edd4ce8","sub-ucl03/anat/sub-ucl03_T2w_seg.nii.gz","303","16","","","","","","","","","","","","","","","","","",""
"2023-02-22 12:42:31","git-master-aef83eb1482ea9360065ac8d8913aaf18edd4ce8","sub-ucl03/anat/sub-ucl03_T2w_seg.nii.gz","304","16","","","","","","","","","","","","","","","","","",""
"2023-02-22 12:42:31","git-master-aef83eb1482ea9360065ac8d8913aaf18edd4ce8","sub-ucl03/anat/sub-ucl03_T2w_seg.nii.gz","305","16","","","","","","","","","","","","","","","","","",""
"2023-02-22 12:42:31","git-master-aef83eb1482ea9360065ac8d8913aaf18edd4ce8","sub-ucl03/anat/sub-ucl03_T2w_seg.nii.gz","306","16","","","","","","","","","","","","","","","","","",""
"2023-02-22 12:42:31","git-master-aef83eb1482ea9360065ac8d8913aaf18edd4ce8","sub-ucl03/anat/sub-ucl03_T2w_seg.nii.gz","307","16","","","","","","","","","","","","","","","","","",""
"2023-02-22 12:42:31","git-master-aef83eb1482ea9360065ac8d8913aaf18edd4ce8","sub-ucl03/anat/sub-ucl03_T2w_seg.nii.gz","308","16","","","","","","","","","","","","","","","","","",""
"2023-02-22 12:42:31","git-master-aef83eb1482ea9360065ac8d8913aaf18edd4ce8","sub-ucl03/anat/sub-ucl03_T2w_seg.nii.gz","309","16","","","","","","","","","","","","","","","","","",""
"2023-02-22 12:42:31","git-master-aef83eb1482ea9360065ac8d8913aaf18edd4ce8","sub-ucl03/anat/sub-ucl03_T2w_seg.nii.gz","310","16","","","","","","","","","","","","","","","","","",""
"2023-02-22 12:42:31","git-master-aef83eb1482ea9360065ac8d8913aaf18edd4ce8","sub-ucl03/anat/sub-ucl03_T2w_seg.nii.gz","311","16","","","","","","","","","","","","","","","","","",""
"2023-02-22 12:42:31","git-master-aef83eb1482ea9360065ac8d8913aaf18edd4ce8","sub-ucl03/anat/sub-ucl03_T2w_seg.nii.gz","312","16","","","","","","","","","","","","","","","","","",""
"2023-02-22 12:42:31","git-master-aef83eb1482ea9360065ac8d8913aaf18edd4ce8","sub-ucl03/anat/sub-ucl03_T2w_seg.nii.gz","313","16","","","","","","","","","","","","","","","","","",""
"2023-02-22 12:42:31","git-master-aef83eb1482ea9360065ac8d8913aaf18edd4ce8","sub-ucl03/anat/sub-ucl03_T2w_seg.nii.gz","314","16","","","","","","","","","","","","","","","","","",""
"2023-02-22 12:42:31","git-master-aef83eb1482ea9360065ac8d8913aaf18edd4ce8","sub-ucl03/anat/sub-ucl03_T2w_seg.nii.gz","315","16","","","","","","","","","","","","","","","","","",""
"2023-02-22 12:42:31","git-master-aef83eb1482ea9360065ac8d8913aaf18edd4ce8","sub-ucl03/anat/sub-ucl03_T2w_seg.nii.gz","316","16","","","","","","","","","","","","","","","","","",""
"2023-02-22 12:42:31","git-master-aef83eb1482ea9360065ac8d8913aaf18edd4ce8","sub-ucl03/anat/sub-ucl03_T2w_seg.nii.gz","317","16","","","","","","","","","","","","","","","","","",""
"2023-02-22 12:42:31","git-master-aef83eb1482ea9360065ac8d8913aaf18edd4ce8","sub-ucl03/anat/sub-ucl03_T2w_seg.nii.gz","318","16","","","","","","","","","","","","","","","","","",""
"2023-02-22 12:42:31","git-master-aef83eb1482ea9360065ac8d8913aaf18edd4ce8","sub-ucl03/anat/sub-ucl03_T2w_seg.nii.gz","319","16","","","","","","","","","","","","","","","","","",""
"2023-02-22 12:42:31","git-master-aef83eb1482ea9360065ac8d8913aaf18edd4ce8","sub-ucl03/anat/sub-ucl03_T2w_seg.nii.gz","320","16","","","","","","","","","","","","","","","","","",""
"2023-02-22 12:42:31","git-master-aef83eb1482ea9360065ac8d8913aaf18edd4ce8","sub-ucl03/anat/sub-ucl03_T2w_seg.nii.gz","321","16","","","","","","","","","","","","","","","","","",""
"2023-02-22 12:42:31","git-master-aef83eb1482ea9360065ac8d8913aaf18edd4ce8","sub-ucl03/anat/sub-ucl03_T2w_seg.nii.gz","322","16","","","","","","","","","","","","","","","","","",""
"2023-02-22 12:42:31","git-master-aef83eb1482ea9360065ac8d8913aaf18edd4ce8","sub-ucl03/anat/sub-ucl03_T2w_seg.nii.gz","323","16","","","","","","","","","","","","","","","","","",""
"2023-02-22 12:42:31","git-master-aef83eb1482ea9360065ac8d8913aaf18edd4ce8","sub-ucl03/anat/sub-ucl03_T2w_seg.nii.gz","324","16","","","","","","","","","","","","","","","","","",""
"2023-02-22 12:42:31","git-master-aef83eb1482ea9360065ac8d8913aaf18edd4ce8","sub-ucl03/anat/sub-ucl03_T2w_seg.nii.gz","325","16","","","","","","","","","","","","","","","","","",""
"2023-02-22 12:42:31","git-master-aef83eb1482ea9360065ac8d8913aaf18edd4ce8","sub-ucl03/anat/sub-ucl03_T2w_seg.nii.gz","326","16","","","","","","","","","","","","","","","","","",""
"2023-02-22 12:42:31","git-master-aef83eb1482ea9360065ac8d8913aaf18edd4ce8","sub-ucl03/anat/sub-ucl03_T2w_seg.nii.gz","327","16","","","","","","","","","","","","","","","","","",""
"2023-02-22 12:42:31","git-master-aef83eb1482ea9360065ac8d8913aaf18edd4ce8","sub-ucl03/anat/sub-ucl03_T2w_seg.nii.gz","328","16","","","","","","","","","","","","","","","","","",""
"2023-02-22 12:42:31","git-master-aef83eb1482ea9360065ac8d8913aaf18edd4ce8","sub-ucl03/anat/sub-ucl03_T2w_seg.nii.gz","329","16","","","","","","","","","","","","","","","","","",""
"2023-02-22 12:42:31","git-master-aef83eb1482ea9360065ac8d8913aaf18edd4ce8","sub-ucl03/anat/sub-ucl03_T2w_seg.nii.gz","330","16","","","","","","","","","","","","","","","","","",""
"2023-02-22 12:42:31","git-master-aef83eb1482ea9360065ac8d8913aaf18edd4ce8","sub-ucl03/anat/sub-ucl03_T2w_seg.nii.gz","331","16","","","","","","","","","","","","","","","","","",""
"2023-02-22 12:42:31","git-master-aef83eb1482ea9360065ac8d8913aaf18edd4ce8","sub-ucl03/anat/sub-ucl03_T2w_seg.nii.gz","332","16","","","","","","","","","","","","","","","","","",""
"2023-02-22 12:42:31","git-master-aef83eb1482ea9360065ac8d8913aaf18edd4ce8","sub-ucl03/anat/sub-ucl03_T2w_seg.nii.gz","333","16","","","","","","","","","","","","","","","","","",""
"2023-02-22 12:42:31","git-master-aef83eb1482ea9360065ac8d8913aaf18edd4ce8","sub-ucl03/anat/sub-ucl03_T2w_seg.nii.gz","334","16","","","","","","","","","","","","","","","","","",""
"2023-02-22 12:42:31","git-master-aef83eb1482ea9360065ac8d8913aaf18edd4ce8","sub-ucl03/anat/sub-ucl03_T2w_seg.nii.gz","335","16","","","","","","","","","","","","","","","","","",""
"2023-02-22 12:42:31","git-master-aef83eb1482ea9360065ac8d8913aaf18edd4ce8","sub-ucl03/anat/sub-ucl03_T2w_seg.nii.gz","336","16","","","","","","","","","","","","","","","","","",""
"2023-02-22 12:42:31","git-master-aef83eb1482ea9360065ac8d8913aaf18edd4ce8","sub-ucl03/anat/sub-ucl03_T2w_seg.nii.gz","337","16","","","","","","","","","","","","","","","","","",""
"2023-02-22 12:42:31","git-master-aef83eb1482ea9360065ac8d8913aaf18edd4ce8","sub-ucl03/anat/sub-ucl03_T2w_seg.nii.gz","338","16","","","","","","","","","","","","","","","","","",""
"2023-02-22 12:42:31","git-master-aef83eb1482ea9360065ac8d8913aaf18edd4ce8","sub-ucl03/anat/sub-ucl03_T2w_seg.nii.gz","339","16","","","","","","","","","","","","","","","","","",""
"2023-02-22 12:42:31","git-master-aef83eb1482ea9360065ac8d8913aaf18edd4ce8","sub-ucl03/anat/sub-ucl03_T2w_seg.nii.gz","340","16","","","","","","","","","","","","","","","","","",""
"2023-02-22 12:42:31","git-master-aef83eb1482ea9360065ac8d8913aaf18edd4ce8","sub-ucl03/anat/sub-ucl03_T2w_seg.nii.gz","341","16","","","","","","","","","","","","","","","","","",""
"2023-02-22 12:42:31","git-master-aef83eb1482ea9360065ac8d8913aaf18edd4ce8","sub-ucl03/anat/sub-ucl03_T2w_seg.nii.gz","342","16","","","","","","","","","","","","","","","","","",""
"2023-02-22 12:42:31","git-master-aef83eb1482ea9360065ac8d8913aaf18edd4ce8","sub-ucl03/anat/sub-ucl03_T2w_seg.nii.gz","343","15","","","","","","","","","","","","","","","","","",""
"2023-02-22 12:42:31","git-master-aef83eb1482ea9360065ac8d8913aaf18edd4ce8","sub-ucl03/anat/sub-ucl03_T2w_seg.nii.gz","344","15","","","","","","","","","","","","","","","","","",""
"2023-02-22 12:42:31","git-master-aef83eb1482ea9360065ac8d8913aaf18edd4ce8","sub-ucl03/anat/sub-ucl03_T2w_seg.nii.gz","345","15","","","","","","","","","","","","","","","","","",""
"2023-02-22 12:42:31","git-master-aef83eb1482ea9360065ac8d8913aaf18edd4ce8","sub-ucl03/anat/sub-ucl03_T2w_seg.nii.gz","346","15","","","","","","","","","","","","","","","","","",""
"2023-02-22 12:42:31","git-master-aef83eb1482ea9360065ac8d8913aaf18edd4ce8","sub-ucl03/anat/sub-ucl03_T2w_seg.nii.gz","347","15","","","","","","","","","","","","","","","","","",""
"2023-02-22 12:42:31","git-master-aef83eb1482ea9360065ac8d8913aaf18edd4ce8","sub-ucl03/anat/sub-ucl03_T2w_seg.nii.gz","348","15","","","","","","","","","","","","","","","","","",""
"2023-02-22 12:42:31","git-master-aef83eb1482ea9360065ac8d8913aaf18edd4ce8","sub-ucl03/anat/sub-ucl03_T2w_seg.nii.gz","349","15","","","","","","","","","","","","","","","","","",""
"2023-02-22 12:42:31","git-master-aef83eb1482ea9360065ac8d8913aaf18edd4ce8","sub-ucl03/anat/sub-ucl03_T2w_seg.nii.gz","350","15","","","","","","","","","","","","","","","","","",""
"2023-02-22 12:42:31","git-master-aef83eb1482ea9360065ac8d8913aaf18edd4ce8","sub-ucl03/anat/sub-ucl03_T2w_seg.nii.gz","351","15","","","","","","","","","","","","","","","","","",""
"2023-02-22 12:42:31","git-master-aef83eb1482ea9360065ac8d8913aaf18edd4ce8","sub-ucl03/anat/sub-ucl03_T2w_seg.nii.gz","352","15","","","","","","","","","","","","","","","","","",""
"2023-02-22 12:42:31","git-master-aef83eb1482ea9360065ac8d8913aaf18edd4ce8","sub-ucl03/anat/sub-ucl03_T2w_seg.nii.gz","353","15","","","","","","","","","","","","","","","","","",""
"2023-02-22 12:42:31","git-master-aef83eb1482ea9360065ac8d8913aaf18edd4ce8","sub-ucl03/anat/sub-ucl03_T2w_seg.nii.gz","354","15","","","","","","","","","","","","","","","","","",""
"2023-02-22 12:42:31","git-master-aef83eb1482ea9360065ac8d8913aaf18edd4ce8","sub-ucl03/anat/sub-ucl03_T2w_seg.nii.gz","355","15","","","","","","","","","","","","","","","","","",""
"2023-02-22 12:42:31","git-master-aef83eb1482ea9360065ac8d8913aaf18edd4ce8","sub-ucl03/anat/sub-ucl03_T2w_seg.nii.gz","356","15","","","","","","","","","","","","","","","","","",""
"2023-02-22 12:42:31","git-master-aef83eb1482ea9360065ac8d8913aaf18edd4ce8","sub-ucl03/anat/sub-ucl03_T2w_seg.nii.gz","357","15","","","","","","","","","","","","","","","","","",""
"2023-02-22 12:42:31","git-master-aef83eb1482ea9360065ac8d8913aaf18edd4ce8","sub-ucl03/anat/sub-ucl03_T2w_seg.nii.gz","358","15","","","","","","","","","","","","","","","","","",""
"2023-02-22 12:42:31","git-master-aef83eb1482ea9360065ac8d8913aaf18edd4ce8","sub-ucl03/anat/sub-ucl03_T2w_seg.nii.gz","359","15","","","","","","","","","","","","","","","","","",""
"2023-02-22 12:42:31","git-master-aef83eb1482ea9360065ac8d8913aaf18edd4ce8","sub-ucl03/anat/sub-ucl03_T2w_seg.nii.gz","360","15","","","","","","","","","","","","","","","","","",""
"2023-02-22 12:42:31","git-master-aef83eb1482ea9360065ac8d8913aaf18edd4ce8","sub-ucl03/anat/sub-ucl03_T2w_seg.nii.gz","361","15","","","","","","","","","","","","","","","","","",""
"2023-02-22 12:42:31","git-master-aef83eb1482ea9360065ac8d8913aaf18edd4ce8","sub-ucl03/anat/sub-ucl03_T2w_seg.nii.gz","362","15","","","","","","","","","","","","","","","","","",""
"2023-02-22 12:42:31","git-master-aef83eb1482ea9360065ac8d8913aaf18edd4ce8","sub-ucl03/anat/sub-ucl03_T2w_seg.nii.gz","363","15","","","","","","","","","","","","","","","","","",""
"2023-02-22 12:42:31","git-master-aef83eb1482ea9360065ac8d8913aaf18edd4ce8","sub-ucl03/anat/sub-ucl03_T2w_seg.nii.gz","364","15","","","","","","","","","","","","","","","","","",""
"2023-02-22 12:42:31","git-master-aef83eb1482ea9360065ac8d8913aaf18edd4ce8","sub-ucl03/anat/sub-ucl03_T2w_seg.nii.gz","365","15","","","","","","","","","","","","","","","","","",""
"2023-02-22 12:42:31","git-master-aef83eb1482ea9360065ac8d8913aaf18edd4ce8","sub-ucl03/anat/sub-ucl03_T2w_seg.nii.gz","366","15","","","","","","","","","","","","","","","","","",""
"2023-02-22 12:42:31","git-master-aef83eb1482ea9360065ac8d8913aaf18edd4ce8","sub-ucl03/anat/sub-ucl03_T2w_seg.nii.gz","367","15","","","","","","","","","","","","","","","","","",""
"2023-02-22 12:42:31","git-master-aef83eb1482ea9360065ac8d8913aaf18edd4ce8","sub-ucl03/anat/sub-ucl03_T2w_seg.nii.gz","368","15","","","","","","","","","","","","","","","","","",""
"2023-02-22 12:42:31","git-master-aef83eb1482ea9360065ac8d8913aaf18edd4ce8","sub-ucl03/anat/sub-ucl03_T2w_seg.nii.gz","369","15","","","","","","","","","","","","","","","","","",""
"2023-02-22 12:42:31","git-master-aef83eb1482ea9360065ac8d8913aaf18edd4ce8","sub-ucl03/anat/sub-ucl03_T2w_seg.nii.gz","370","15","","","","","","","","","","","","","","","","","",""
"2023-02-22 12:42:31","git-master-aef83eb1482ea9360065ac8d8913aaf18edd4ce8","sub-ucl03/anat/sub-ucl03_T2w_seg.nii.gz","371","15","","","","","","","","","","","","","","","","","",""
"2023-02-22 12:42:31","git-master-aef83eb1482ea9360065ac8d8913aaf18edd4ce8","sub-ucl03/anat/sub-ucl03_T2w_seg.nii.gz","372","15","","","","","","","","","","","","","","","","","",""
"2023-02-22 12:42:31","git-master-aef83eb1482ea9360065ac8d8913aaf18edd4ce8","sub-ucl03/anat/sub-ucl03_T2w_seg.nii.gz","373","15","","","","","","","","","","","","","","","","","",""
"2023-02-22 12:42:31","git-master-aef83eb1482ea9360065ac8d8913aaf18edd4ce8","sub-ucl03/anat/sub-ucl03_T2w_seg.nii.gz","374","15","","","","","","","","","","","","","","","","","",""
"2023-02-22 12:42:31","git-master-aef83eb1482ea9360065ac8d8913aaf18edd4ce8","sub-ucl03/anat/sub-ucl03_T2w_seg.nii.gz","375","15","","","","","","","","","","","","","","","","","",""
"2023-02-22 12:42:31","git-master-aef83eb1482ea9360065ac8d8913aaf18edd4ce8","sub-ucl03/anat/sub-ucl03_T2w_seg.nii.gz","376","15","","","","","","","","","","","","","","","","","",""
"2023-02-22 12:42:31","git-master-aef83eb1482ea9360065ac8d8913aaf18edd4ce8","sub-ucl03/anat/sub-ucl03_T2w_seg.nii.gz","377","15","","","","","","","","","","","","","","","","","",""
"2023-02-22 12:42:31","git-master-aef83eb1482ea9360065ac8d8913aaf18edd4ce8","sub-ucl03/anat/sub-ucl03_T2w_seg.nii.gz","378","15","","","","","","","","","","","","","","","","","",""
"2023-02-22 12:42:31","git-master-aef83eb1482ea9360065ac8d8913aaf18edd4ce8","sub-ucl03/anat/sub-ucl03_T2w_seg.nii.gz","379","15","","","","","","","","","","","","","","","","","",""
"2023-02-22 12:42:31","git-master-aef83eb1482ea9360065ac8d8913aaf18edd4ce8","sub-ucl03/anat/sub-ucl03_T2w_seg.nii.gz","380","15","","","","","","","","","","","","","","","","","",""
"2023-02-22 12:42:31","git-master-aef83eb1482ea9360065ac8d8913aaf18edd4ce8","sub-ucl03/anat/sub-ucl03_T2w_seg.nii.gz","381","15","","","","","","","","","","","","","","","","","",""
"2023-02-22 12:42:31","git-master-aef83eb1482ea9360065ac8d8913aaf18edd4ce8","sub-ucl03/anat/sub-ucl03_T2w_seg.nii.gz","382","15","","","","","","","","","","","","","","","","","",""
"2023-02-22 12:42:31","git-master-aef83eb1482ea9360065ac8d8913aaf18edd4ce8","sub-ucl03/anat/sub-ucl03_T2w_seg.nii.gz","383","15","","","","","","","","","","","","","","","","","",""
"2023-02-22 12:42:31","git-master-aef83eb1482ea9360065ac8d8913aaf18edd4ce8","sub-ucl03/anat/sub-ucl03_T2w_seg.nii.gz","384","15","","","","","","","","","","","","","","","","","",""
"2023-02-22 12:42:31","git-master-aef83eb1482ea9360065ac8d8913aaf18edd4ce8","sub-ucl03/anat/sub-ucl03_T2w_seg.nii.gz","385","15","","","","","","","","","","","","","","","","","",""
"2023-02-22 12:42:31","git-master-aef83eb1482ea9360065ac8d8913aaf18edd4ce8","sub-ucl03/anat/sub-ucl03_T2w_seg.nii.gz","386","15","","","","","","","","","","","","","","","","","",""
"2023-02-22 12:42:31","git-master-aef83eb1482ea9360065ac8d8913aaf18edd4ce8","sub-ucl03/anat/sub-ucl03_T2w_seg.nii.gz","387","15","","","","","","","","","","","","","","","","","",""
"2023-02-22 12:42:31","git-master-aef83eb1482ea9360065ac8d8913aaf18edd4ce8","sub-ucl03/anat/sub-ucl03_T2w_seg.nii.gz","388","15","","","","","","","","","","","","","","","","","",""
"2023-02-22 12:42:31","git-master-aef83eb1482ea9360065ac8d8913aaf18edd4ce8","sub-ucl03/anat/sub-ucl03_T2w_seg.nii.gz","389","15","","","","","","","","","","","","","","","","","",""
"2023-02-22 12:42:31","git-master-aef83eb1482ea9360065ac8d8913aaf18edd4ce8","sub-ucl03/anat/sub-ucl03_T2w_seg.nii.gz","390","15","","","","","","","","","","","","","","","","","",""
"2023-02-22 12:42:31","git-master-aef83eb1482ea9360065ac8d8913aaf18edd4ce8","sub-ucl03/anat/sub-ucl03_T2w_seg.nii.gz","391","15","","","","","","","","","","","","","","","","","",""
"2023-02-22 12:42:31","git-master-aef83eb1482ea9360065ac8d8913aaf18edd4ce8","sub-ucl03/anat/sub-ucl03_T2w_seg.nii.gz","392","15","","","","","","","","","","","","","","","","","",""
"2023-02-22 12:42:31","git-master-aef83eb1482ea9360065ac8d8913aaf18edd4ce8","sub-ucl03/anat/sub-ucl03_T2w_seg.nii.gz","393","15","","","","","","","","","","","","","","","","","",""
"2023-02-22 12:42:31","git-master-aef83eb1482ea9360065ac8d8913aaf18edd4ce8","sub-ucl03/anat/sub-ucl03_T2w_seg.nii.gz","394","15","","","","","","","","","","","","","","","","","",""
"2023-02-22 12:42:31","git-master-aef83eb1482ea9360065ac8d8913aaf18edd4ce8","sub-ucl03/anat/sub-ucl03_T2w_seg.nii.gz","395","15","","","","","","","","","","","","","","","","","",""
"2023-02-22 12:42:31","git-master-aef83eb1482ea9360065ac8d8913aaf18edd4ce8","sub-ucl03/anat/sub-ucl03_T2w_seg.nii.gz","396","15","","","","","","","","","","","","","","","","","",""
"2023-02-22 12:42:31","git-master-aef83eb1482ea9360065ac8d8913aaf18edd4ce8","sub-ucl03/anat/sub-ucl03_T2w_seg.nii.gz","397","14","","","","","","","","","","","","","","","","","",""
"2023-02-22 12:42:31","git-master-aef83eb1482ea9360065ac8d8913aaf18edd4ce8","sub-ucl03/anat/sub-ucl03_T2w_seg.nii.gz","398","14","","","","","","","","","","","","","","","","","",""
"2023-02-22 12:42:31","git-master-aef83eb1482ea9360065ac8d8913aaf18edd4ce8","sub-ucl03/anat/sub-ucl03_T2w_seg.nii.gz","399","14","","","","","","","","","","","","","","","","","",""
"2023-02-22 12:42:31","git-master-aef83eb1482ea9360065ac8d8913aaf18edd4ce8","sub-ucl03/anat/sub-ucl03_T2w_seg.nii.gz","400","14","","","","","","","","","","","","","","","","","",""
"2023-02-22 12:42:31","git-master-aef83eb1482ea9360065ac8d8913aaf18edd4ce8","sub-ucl03/anat/sub-ucl03_T2w_seg.nii.gz","401","14","","","","","","","","","","","","","","","","","",""
"2023-02-22 12:42:31","git-master-aef83eb1482ea9360065ac8d8913aaf18edd4ce8","sub-ucl03/anat/sub-ucl03_T2w_seg.nii.gz","402","14","","","","","","","","","","","","","","","","","",""
"2023-02-22 12:42:31","git-master-aef83eb1482ea9360065ac8d8913aaf18edd4ce8","sub-ucl03/anat/sub-ucl03_T2w_seg.nii.gz","403","14","","","","","","","","","","","","","","","","","",""
"2023-02-22 12:42:31","git-master-aef83eb1482ea9360065ac8d8913aaf18edd4ce8","sub-ucl03/anat/sub-ucl03_T2w_seg.nii.gz","404","14","","","","","","","","","","","","","","","","","",""
"2023-02-22 12:42:31","git-master-aef83eb1482ea9360065ac8d8913aaf18edd4ce8","sub-ucl03/anat/sub-ucl03_T2w_seg.nii.gz","405","14","","","","","","","","","","","","","","","","","",""
"2023-02-22 12:42:31","git-master-aef83eb1482ea9360065ac8d8913aaf18edd4ce8","sub-ucl03/anat/sub-ucl03_T2w_seg.nii.gz","406","14","","","","","","","","","","","","","","","","","",""
"2023-02-22 12:42:31","git-master-aef83eb1482ea9360065ac8d8913aaf18edd4ce8","sub-ucl03/anat/sub-ucl03_T2w_seg.nii.gz","407","14","","","","","","","","","","","","","","","","","",""
"2023-02-22 12:42:31","git-master-aef83eb1482ea9360065ac8d8913aaf18edd4ce8","sub-ucl03/anat/sub-ucl03_T2w_seg.nii.gz","408","14","","","","","","","","","","","","","","","","","",""
"2023-02-22 12:42:31","git-master-aef83eb1482ea9360065ac8d8913aaf18edd4ce8","sub-ucl03/anat/sub-ucl03_T2w_seg.nii.gz","409","14","","","","","","","","","","","","","","","","","",""
"2023-02-22 12:42:31","git-master-aef83eb1482ea9360065ac8d8913aaf18edd4ce8","sub-ucl03/anat/sub-ucl03_T2w_seg.nii.gz","410","14","","","","","","","","","","","","","","","","","",""
"2023-02-22 12:42:31","git-master-aef83eb1482ea9360065ac8d8913aaf18edd4ce8","sub-ucl03/anat/sub-ucl03_T2w_seg.nii.gz","411","14","","","","","","","","","","","","","","","","","",""
"2023-02-22 12:42:31","git-master-aef83eb1482ea9360065ac8d8913aaf18edd4ce8","sub-ucl03/anat/sub-ucl03_T2w_seg.nii.gz","412","14","","","","","","","","","","","","","","","","","",""
"2023-02-22 12:42:31","git-master-aef83eb1482ea9360065ac8d8913aaf18edd4ce8","sub-ucl03/anat/sub-ucl03_T2w_seg.nii.gz","413","14","","","","","","","","","","","","","","","","","",""
"2023-02-22 12:42:31","git-master-aef83eb1482ea9360065ac8d8913aaf18edd4ce8","sub-ucl03/anat/sub-ucl03_T2w_seg.nii.gz","414","14","","","","","","","","","","","","","","","","","",""
"2023-02-22 12:42:31","git-master-aef83eb1482ea9360065ac8d8913aaf18edd4ce8","sub-ucl03/anat/sub-ucl03_T2w_seg.nii.gz","415","14","","","","","","","","","","","","","","","","","",""
"2023-02-22 12:42:31","git-master-aef83eb1482ea9360065ac8d8913aaf18edd4ce8","sub-ucl03/anat/sub-ucl03_T2w_seg.nii.gz","416","14","","","","","","","","","","","","","","","","","",""
"2023-02-22 12:42:31","git-master-aef83eb1482ea9360065ac8d8913aaf18edd4ce8","sub-ucl03/anat/sub-ucl03_T2w_seg.nii.gz","417","14","","","","","","","","","","","","","","","","","",""
"2023-02-22 12:42:31","git-master-aef83eb1482ea9360065ac8d8913aaf18edd4ce8","sub-ucl03/anat/sub-ucl03_T2w_seg.nii.gz","418","14","","","","","","","","","","","","","","","","","",""
"2023-02-22 12:42:31","git-master-aef83eb1482ea9360065ac8d8913aaf18edd4ce8","sub-ucl03/anat/sub-ucl03_T2w_seg.nii.gz","419","14","","","","","","","","","","","","","","","","","",""
"2023-02-22 12:42:31","git-master-aef83eb1482ea9360065ac8d8913aaf18edd4ce8","sub-ucl03/anat/sub-ucl03_T2w_seg.nii.gz","420","14","","","","","","","","","","","","","","","","","",""
"2023-02-22 12:42:31","git-master-aef83eb1482ea9360065ac8d8913aaf18edd4ce8","sub-ucl03/anat/sub-ucl03_T2w_seg.nii.gz","421","14","","","","","","","","","","","","","","","","","",""
"2023-02-22 12:42:31","git-master-aef83eb1482ea9360065ac8d8913aaf18edd4ce8","sub-ucl03/anat/sub-ucl03_T2w_seg.nii.gz","422","14","","","","","","","","","","","","","","","","","",""
"2023-02-22 12:42:31","git-master-aef83eb1482ea9360065ac8d8913aaf18edd4ce8","sub-ucl03/anat/sub-ucl03_T2w_seg.nii.gz","423","14","","","","","","","","","","","","","","","","","",""
"2023-02-22 12:42:31","git-master-aef83eb1482ea9360065ac8d8913aaf18edd4ce8","sub-ucl03/anat/sub-ucl03_T2w_seg.nii.gz","424","14","","","","","","","","","","","","","","","","","",""
"2023-02-22 12:42:31","git-master-aef83eb1482ea9360065ac8d8913aaf18edd4ce8","sub-ucl03/anat/sub-ucl03_T2w_seg.nii.gz","425","14","","","","","","","","","","","","","","","","","",""
"2023-02-22 12:42:31","git-master-aef83eb1482ea9360065ac8d8913aaf18edd4ce8","sub-ucl03/anat/sub-ucl03_T2w_seg.nii.gz","426","14","","","","","","","","","","","","","","","","","",""
"2023-02-22 12:42:31","git-master-aef83eb1482ea9360065ac8d8913aaf18edd4ce8","sub-ucl03/anat/sub-ucl03_T2w_seg.nii.gz","427","14","","","","","","","","","","","","","","","","","",""
"2023-02-22 12:42:31","git-master-aef83eb1482ea9360065ac8d8913aaf18edd4ce8","sub-ucl03/anat/sub-ucl03_T2w_seg.nii.gz","428","14","","","","","","","","","","","","","","","","","",""
"2023-02-22 12:42:31","git-master-aef83eb1482ea9360065ac8d8913aaf18edd4ce8","sub-ucl03/anat/sub-ucl03_T2w_seg.nii.gz","429","14","","","","","","","","","","","","","","","","","",""
"2023-02-22 12:42:31","git-master-aef83eb1482ea9360065ac8d8913aaf18edd4ce8","sub-ucl03/anat/sub-ucl03_T2w_seg.nii.gz","430","14","","","","","","","","","","","","","","","","","",""
"2023-02-22 12:42:31","git-master-aef83eb1482ea9360065ac8d8913aaf18edd4ce8","sub-ucl03/anat/sub-ucl03_T2w_seg.nii.gz","431","14","","","","","","","","","","","","","","","","","",""
"2023-02-22 12:42:31","git-master-aef83eb1482ea9360065ac8d8913aaf18edd4ce8","sub-ucl03/anat/sub-ucl03_T2w_seg.nii.gz","432","14","","","","","","","","","","","","","","","","","",""
"2023-02-22 12:42:31","git-master-aef83eb1482ea9360065ac8d8913aaf18edd4ce8","sub-ucl03/anat/sub-ucl03_T2w_seg.nii.gz","433","14","","","","","","","","","","","","","","","","","",""
"2023-02-22 12:42:31","git-master-aef83eb1482ea9360065ac8d8913aaf18edd4ce8","sub-ucl03/anat/sub-ucl03_T2w_seg.nii.gz","434","14","","","","","","","","","","","","","","","","","",""
"2023-02-22 12:42:31","git-master-aef83eb1482ea9360065ac8d8913aaf18edd4ce8","sub-ucl03/anat/sub-ucl03_T2w_seg.nii.gz","435","14","","","","","","","","","","","","","","","","","",""
"2023-02-22 12:42:31","git-master-aef83eb1482ea9360065ac8d8913aaf18edd4ce8","sub-ucl03/anat/sub-ucl03_T2w_seg.nii.gz","436","14","","","","","","","","","","","","","","","","","",""
"2023-02-22 12:42:31","git-master-aef83eb1482ea9360065ac8d8913aaf18edd4ce8","sub-ucl03/anat/sub-ucl03_T2w_seg.nii.gz","437","14","","","","","","","","","","","","","","","","","",""
"2023-02-22 12:42:31","git-master-aef83eb1482ea9360065ac8d8913aaf18edd4ce8","sub-ucl03/anat/sub-ucl03_T2w_seg.nii.gz","438","14","","","","","","","","","","","","","","","","","",""
"2023-02-22 12:42:31","git-master-aef83eb1482ea9360065ac8d8913aaf18edd4ce8","sub-ucl03/anat/sub-ucl03_T2w_seg.nii.gz","439","14","","","","","","","","","","","","","","","","","",""
"2023-02-22 12:42:31","git-master-aef83eb1482ea9360065ac8d8913aaf18edd4ce8","sub-ucl03/anat/sub-ucl03_T2w_seg.nii.gz","440","14","","","","","","","","","","","","","","","","","",""
"2023-02-22 12:42:31","git-master-aef83eb1482ea9360065ac8d8913aaf18edd4ce8","sub-ucl03/anat/sub-ucl03_T2w_seg.nii.gz","441","14","","","","","","","","","","","","","","","","","",""
"2023-02-22 12:42:31","git-master-aef83eb1482ea9360065ac8d8913aaf18edd4ce8","sub-ucl03/anat/sub-ucl03_T2w_seg.nii.gz","442","14","","","","","","","","","","","","","","","","","",""
"2023-02-22 12:42:31","git-master-aef83eb1482ea9360065ac8d8913aaf18edd4ce8","sub-ucl03/anat/sub-ucl03_T2w_seg.nii.gz","443","14","","","","","","","","","","","","","","","","","",""
"2023-02-22 12:42:31","git-master-aef83eb1482ea9360065ac8d8913aaf18edd4ce8","sub-ucl03/anat/sub-ucl03_T2w_seg.nii.gz","444","14","","","","","","","","","","","","","","","","","",""
"2023-02-22 12:42:31","git-master-aef83eb1482ea9360065ac8d8913aaf18edd4ce8","sub-ucl03/anat/sub-ucl03_T2w_seg.nii.gz","445","14","","","","","","","","","","","","","","","","","",""
"2023-02-22 12:42:31","git-master-aef83eb1482ea9360065ac8d8913aaf18edd4ce8","sub-ucl03/anat/sub-ucl03_T2w_seg.nii.gz","446","14","","","","","","","","","","","","","","","","","",""
"2023-02-22 12:42:31","git-master-aef83eb1482ea9360065ac8d8913aaf18edd4ce8","sub-ucl03/anat/sub-ucl03_T2w_seg.nii.gz","447","14","","","","","","","","","","","","","","","","","",""
"2023-02-22 12:42:31","git-master-aef83eb1482ea9360065ac8d8913aaf18edd4ce8","sub-ucl03/anat/sub-ucl03_T2w_seg.nii.gz","448","14","","","","","","","","","","","","","","","","","",""
"2023-02-22 12:42:31","git-master-aef83eb1482ea9360065ac8d8913aaf18edd4ce8","sub-ucl03/anat/sub-ucl03_T2w_seg.nii.gz","449","14","","","","","","","","","","","","","","","","","",""
"2023-02-22 12:42:31","git-master-aef83eb1482ea9360065ac8d8913aaf18edd4ce8","sub-ucl03/anat/sub-ucl03_T2w_seg.nii.gz","450","13","","","","","","","","","","","","","","","","","",""
"2023-02-22 12:42:31","git-master-aef83eb1482ea9360065ac8d8913aaf18edd4ce8","sub-ucl03/anat/sub-ucl03_T2w_seg.nii.gz","451","13","","","","","","","","","","","","","","","","","",""
"2023-02-22 12:42:31","git-master-aef83eb1482ea9360065ac8d8913aaf18edd4ce8","sub-ucl03/anat/sub-ucl03_T2w_seg.nii.gz","452","13","","","","","","","","","","","","","","","","","",""
"2023-02-22 12:42:31","git-master-aef83eb1482ea9360065ac8d8913aaf18edd4ce8","sub-ucl03/anat/sub-ucl03_T2w_seg.nii.gz","453","13","","","","","","","","","","","","","","","","","",""
"2023-02-22 12:42:31","git-master-aef83eb1482ea9360065ac8d8913aaf18edd4ce8","sub-ucl03/anat/sub-ucl03_T2w_seg.nii.gz","454","13","","","","","","","","","","","","","","","","","",""
"2023-02-22 12:42:31","git-master-aef83eb1482ea9360065ac8d8913aaf18edd4ce8","sub-ucl03/anat/sub-ucl03_T2w_seg.nii.gz","455","13","","","","","","","","","","","","","","","","","",""
"2023-02-22 12:42:31","git-master-aef83eb1482ea9360065ac8d8913aaf18edd4ce8","sub-ucl03/anat/sub-ucl03_T2w_seg.nii.gz","456","13","","","","","","","","","","","","","","","","","",""
"2023-02-22 12:42:31","git-master-aef83eb1482ea9360065ac8d8913aaf18edd4ce8","sub-ucl03/anat/sub-ucl03_T2w_seg.nii.gz","457","13","","","","","","","","","","","","","","","","","",""
"2023-02-22 12:42:31","git-master-aef83eb1482ea9360065ac8d8913aaf18edd4ce8","sub-ucl03/anat/sub-ucl03_T2w_seg.nii.gz","458","13","","","","","","","","","","","","","","","","","",""
"2023-02-22 12:42:31","git-master-aef83eb1482ea9360065ac8d8913aaf18edd4ce8","sub-ucl03/anat/sub-ucl03_T2w_seg.nii.gz","459","13","","","","","","","","","","","","","","","","","",""
"2023-02-22 12:42:31","git-master-aef83eb1482ea9360065ac8d8913aaf18edd4ce8","sub-ucl03/anat/sub-ucl03_T2w_seg.nii.gz","460","13","","","","","","","","","","","","","","","","","",""
"2023-02-22 12:42:31","git-master-aef83eb1482ea9360065ac8d8913aaf18edd4ce8","sub-ucl03/anat/sub-ucl03_T2w_seg.nii.gz","461","13","","","","","","","","","","","","","","","","","",""
"2023-02-22 12:42:31","git-master-aef83eb1482ea9360065ac8d8913aaf18edd4ce8","sub-ucl03/anat/sub-ucl03_T2w_seg.nii.gz","462","13","","","","","","","","","","","","","","","","","",""
"2023-02-22 12:42:31","git-master-aef83eb1482ea9360065ac8d8913aaf18edd4ce8","sub-ucl03/anat/sub-ucl03_T2w_seg.nii.gz","463","13","","","","","","","","","","","","","","","","","",""
"2023-02-22 12:42:31","git-master-aef83eb1482ea9360065ac8d8913aaf18edd4ce8","sub-ucl03/anat/sub-ucl03_T2w_seg.nii.gz","464","13","","","","","","","","","","","","","","","","","",""
"2023-02-22 12:42:31","git-master-aef83eb1482ea9360065ac8d8913aaf18edd4ce8","sub-ucl03/anat/sub-ucl03_T2w_seg.nii.gz","465","13","","","","","","","","","","","","","","","","","",""
"2023-02-22 12:42:31","git-master-aef83eb1482ea9360065ac8d8913aaf18edd4ce8","sub-ucl03/anat/sub-ucl03_T2w_seg.nii.gz","466","13","","","","","","","","","","","","","","","","","",""
"2023-02-22 12:42:31","git-master-aef83eb1482ea9360065ac8d8913aaf18edd4ce8","sub-ucl03/anat/sub-ucl03_T2w_seg.nii.gz","467","13","","","","","","","","","","","","","","","","","",""
"2023-02-22 12:42:31","git-master-aef83eb1482ea9360065ac8d8913aaf18edd4ce8","sub-ucl03/anat/sub-ucl03_T2w_seg.nii.gz","468","13","","","","","","","","","","","","","","","","","",""
"2023-02-22 12:42:31","git-master-aef83eb1482ea9360065ac8d8913aaf18edd4ce8","sub-ucl03/anat/sub-ucl03_T2w_seg.nii.gz","469","13","","","","","","","","","","","","","","","","","",""
"2023-02-22 12:42:31","git-master-aef83eb1482ea9360065ac8d8913aaf18edd4ce8","sub-ucl03/anat/sub-ucl03_T2w_seg.nii.gz","470","13","","","","","","","","","","","","","","","","","",""
"2023-02-22 12:42:31","git-master-aef83eb1482ea9360065ac8d8913aaf18edd4ce8","sub-ucl03/anat/sub-ucl03_T2w_seg.nii.gz","471","13","","","","","","","","","","","","","","","","","",""
"2023-02-22 12:42:31","git-master-aef83eb1482ea9360065ac8d8913aaf18edd4ce8","sub-ucl03/anat/sub-ucl03_T2w_seg.nii.gz","472","13","","","","","","","","","","","","","","","","","",""
"2023-02-22 12:42:31","git-master-aef83eb1482ea9360065ac8d8913aaf18edd4ce8","sub-ucl03/anat/sub-ucl03_T2w_seg.nii.gz","473","13","","","","","","","","","","","","","","","","","",""
"2023-02-22 12:42:31","git-master-aef83eb1482ea9360065ac8d8913aaf18edd4ce8","sub-ucl03/anat/sub-ucl03_T2w_seg.nii.gz","474","13","","","","","","","","","","","","","","","","","",""
"2023-02-22 12:42:31","git-master-aef83eb1482ea9360065ac8d8913aaf18edd4ce8","sub-ucl03/anat/sub-ucl03_T2w_seg.nii.gz","475","13","","","","","","","","","","","","","","","","","",""
"2023-02-22 12:42:31","git-master-aef83eb1482ea9360065ac8d8913aaf18edd4ce8","sub-ucl03/anat/sub-ucl03_T2w_seg.nii.gz","476","13","","","","","","","","","","","","","","","","","",""
"2023-02-22 12:42:31","git-master-aef83eb1482ea9360065ac8d8913aaf18edd4ce8","sub-ucl03/anat/sub-ucl03_T2w_seg.nii.gz","477","13","","","","","","","","","","","","","","","","","",""
"2023-02-22 12:42:31","git-master-aef83eb1482ea9360065ac8d8913aaf18edd4ce8","sub-ucl03/anat/sub-ucl03_T2w_seg.nii.gz","478","13","","","","","","","","","","","","","","","","","",""
"2023-02-22 12:42:31","git-master-aef83eb1482ea9360065ac8d8913aaf18edd4ce8","sub-ucl03/anat/sub-ucl03_T2w_seg.nii.gz","479","13","","","","","","","","","","","","","","","","","",""
"2023-02-22 12:42:31","git-master-aef83eb1482ea9360065ac8d8913aaf18edd4ce8","sub-ucl03/anat/sub-ucl03_T2w_seg.nii.gz","480","13","","","","","","","","","","","","","","","","","",""
"2023-02-22 12:42:31","git-master-aef83eb1482ea9360065ac8d8913aaf18edd4ce8","sub-ucl03/anat/sub-ucl03_T2w_seg.nii.gz","481","13","","","","","","","","","","","","","","","","","",""
"2023-02-22 12:42:31","git-master-aef83eb1482ea9360065ac8d8913aaf18edd4ce8","sub-ucl03/anat/sub-ucl03_T2w_seg.nii.gz","482","13","","","","","","","","","","","","","","","","","",""
"2023-02-22 12:42:31","git-master-aef83eb1482ea9360065ac8d8913aaf18edd4ce8","sub-ucl03/anat/sub-ucl03_T2w_seg.nii.gz","483","13","","","","","","","","","","","","","","","","","",""
"2023-02-22 12:42:31","git-master-aef83eb1482ea9360065ac8d8913aaf18edd4ce8","sub-ucl03/anat/sub-ucl03_T2w_seg.nii.gz","484","13","","","","","","","","","","","","","","","","","",""
"2023-02-22 12:42:31","git-master-aef83eb1482ea9360065ac8d8913aaf18edd4ce8","sub-ucl03/anat/sub-ucl03_T2w_seg.nii.gz","485","13","","","","","","","","","","","","","","","","","",""
"2023-02-22 12:42:31","git-master-aef83eb1482ea9360065ac8d8913aaf18edd4ce8","sub-ucl03/anat/sub-ucl03_T2w_seg.nii.gz","486","13","","","","","","","","","","","","","","","","","",""
"2023-02-22 12:42:31","git-master-aef83eb1482ea9360065ac8d8913aaf18edd4ce8","sub-ucl03/anat/sub-ucl03_T2w_seg.nii.gz","487","13","","","","","","","","","","","","","","","","","",""
"2023-02-22 12:42:31","git-master-aef83eb1482ea9360065ac8d8913aaf18edd4ce8","sub-ucl03/anat/sub-ucl03_T2w_seg.nii.gz","488","13","","","","","","","","","","","","","","","","","",""
"2023-02-22 12:42:31","git-master-aef83eb1482ea9360065ac8d8913aaf18edd4ce8","sub-ucl03/anat/sub-ucl03_T2w_seg.nii.gz","489","13","","","","","","","","","","","","","","","","","",""
"2023-02-22 12:42:31","git-master-aef83eb1482ea9360065ac8d8913aaf18edd4ce8","sub-ucl03/anat/sub-ucl03_T2w_seg.nii.gz","490","13","","","","","","","","","","","","","","","","","",""
"2023-02-22 12:42:31","git-master-aef83eb1482ea9360065ac8d8913aaf18edd4ce8","sub-ucl03/anat/sub-ucl03_T2w_seg.nii.gz","491","13","","","","","","","","","","","","","","","","","",""
"2023-02-22 12:42:31","git-master-aef83eb1482ea9360065ac8d8913aaf18edd4ce8","sub-ucl03/anat/sub-ucl03_T2w_seg.nii.gz","492","13","","","","","","","","","","","","","","","","","",""
"2023-02-22 12:42:31","git-master-aef83eb1482ea9360065ac8d8913aaf18edd4ce8","sub-ucl03/anat/sub-ucl03_T2w_seg.nii.gz","493","13","","","","","","","","","","","","","","","","","",""
"2023-02-22 12:42:31","git-master-aef83eb1482ea9360065ac8d8913aaf18edd4ce8","sub-ucl03/anat/sub-ucl03_T2w_seg.nii.gz","494","13","","","","","","","","","","","","","","","","","",""
"2023-02-22 12:42:31","git-master-aef83eb1482ea9360065ac8d8913aaf18edd4ce8","sub-ucl03/anat/sub-ucl03_T2w_seg.nii.gz","495","13","","","","","","","","","","","","","","","","","",""
"2023-02-22 12:42:31","git-master-aef83eb1482ea9360065ac8d8913aaf18edd4ce8","sub-ucl03/anat/sub-ucl03_T2w_seg.nii.gz","496","13","","","","","","","","","","","","","","","","","",""
"2023-02-22 12:42:31","git-master-aef83eb1482ea9360065ac8d8913aaf18edd4ce8","sub-ucl03/anat/sub-ucl03_T2w_seg.nii.gz","497","13","","","","","","","","","","","","","","","","","",""
"2023-02-22 12:42:31","git-master-aef83eb1482ea9360065ac8d8913aaf18edd4ce8","sub-ucl03/anat/sub-ucl03_T2w_seg.nii.gz","498","13","","","","","","","","","","","","","","","","","",""
"2023-02-22 12:42:31","git-master-aef83eb1482ea9360065ac8d8913aaf18edd4ce8","sub-ucl03/anat/sub-ucl03_T2w_seg.nii.gz","499","13","","","","","","","","","","","","","","","","","",""
"2023-02-22 12:42:31","git-master-aef83eb1482ea9360065ac8d8913aaf18edd4ce8","sub-ucl03/anat/sub-ucl03_T2w_seg.nii.gz","500","13","","","","","","","","","","","","","","","","","",""
"2023-02-22 12:42:31","git-master-aef83eb1482ea9360065ac8d8913aaf18edd4ce8","sub-ucl03/anat/sub-ucl03_T2w_seg.nii.gz","501","12","","","","","","","","","","","","","","","","","",""
"2023-02-22 12:42:31","git-master-aef83eb1482ea9360065ac8d8913aaf18edd4ce8","sub-ucl03/anat/sub-ucl03_T2w_seg.nii.gz","502","12","","","","","","","","","","","","","","","","","",""
"2023-02-22 12:42:31","git-master-aef83eb1482ea9360065ac8d8913aaf18edd4ce8","sub-ucl03/anat/sub-ucl03_T2w_seg.nii.gz","503","12","","","","","","","","","","","","","","","","","",""
"2023-02-22 12:42:31","git-master-aef83eb1482ea9360065ac8d8913aaf18edd4ce8","sub-ucl03/anat/sub-ucl03_T2w_seg.nii.gz","504","12","","","","","","","","","","","","","","","","","",""
"2023-02-22 12:42:31","git-master-aef83eb1482ea9360065ac8d8913aaf18edd4ce8","sub-ucl03/anat/sub-ucl03_T2w_seg.nii.gz","505","12","","","","","","","","","","","","","","","","","",""
"2023-02-22 12:42:31","git-master-aef83eb1482ea9360065ac8d8913aaf18edd4ce8","sub-ucl03/anat/sub-ucl03_T2w_seg.nii.gz","506","12","","","","","","","","","","","","","","","","","",""
"2023-02-22 12:42:31","git-master-aef83eb1482ea9360065ac8d8913aaf18edd4ce8","sub-ucl03/anat/sub-ucl03_T2w_seg.nii.gz","507","12","","","","","","","","","","","","","","","","","",""
"2023-02-22 12:42:31","git-master-aef83eb1482ea9360065ac8d8913aaf18edd4ce8","sub-ucl03/anat/sub-ucl03_T2w_seg.nii.gz","508","12","","","","","","","","","","","","","","","","","",""
"2023-02-22 12:42:31","git-master-aef83eb1482ea9360065ac8d8913aaf18edd4ce8","sub-ucl03/anat/sub-ucl03_T2w_seg.nii.gz","509","12","","","","","","","","","","","","","","","","","",""
"2023-02-22 12:42:31","git-master-aef83eb1482ea9360065ac8d8913aaf18edd4ce8","sub-ucl03/anat/sub-ucl03_T2w_seg.nii.gz","510","12","","","","","","","","","","","","","","","","","",""
"2023-02-22 12:42:31","git-master-aef83eb1482ea9360065ac8d8913aaf18edd4ce8","sub-ucl03/anat/sub-ucl03_T2w_seg.nii.gz","511","12","","","","","","","","","","","","","","","","","",""
"2023-02-22 12:42:31","git-master-aef83eb1482ea9360065ac8d8913aaf18edd4ce8","sub-ucl03/anat/sub-ucl03_T2w_seg.nii.gz","512","12","","","","","","","","","","","","","","","","","",""
"2023-02-22 12:42:31","git-master-aef83eb1482ea9360065ac8d8913aaf18edd4ce8","sub-ucl03/anat/sub-ucl03_T2w_seg.nii.gz","513","12","","","","","","","","","","","","","","","","","",""
"2023-02-22 12:42:31","git-master-aef83eb1482ea9360065ac8d8913aaf18edd4ce8","sub-ucl03/anat/sub-ucl03_T2w_seg.nii.gz","514","12","","","","","","","","","","","","","","","","","",""
"2023-02-22 12:42:31","git-master-aef83eb1482ea9360065ac8d8913aaf18edd4ce8","sub-ucl03/anat/sub-ucl03_T2w_seg.nii.gz","515","12","","","","","","","","","","","","","","","","","",""
"2023-02-22 12:42:31","git-master-aef83eb1482ea9360065ac8d8913aaf18edd4ce8","sub-ucl03/anat/sub-ucl03_T2w_seg.nii.gz","516","12","","","","","","","","","","","","","","","","","",""
"2023-02-22 12:42:31","git-master-aef83eb1482ea9360065ac8d8913aaf18edd4ce8","sub-ucl03/anat/sub-ucl03_T2w_seg.nii.gz","517","12","","","","","","","","","","","","","","","","","",""
"2023-02-22 12:42:31","git-master-aef83eb1482ea9360065ac8d8913aaf18edd4ce8","sub-ucl03/anat/sub-ucl03_T2w_seg.nii.gz","518","12","","","","","","","","","","","","","","","","","",""
"2023-02-22 12:42:31","git-master-aef83eb1482ea9360065ac8d8913aaf18edd4ce8","sub-ucl03/anat/sub-ucl03_T2w_seg.nii.gz","519","12","","","","","","","","","","","","","","","","","",""
"2023-02-22 12:42:31","git-master-aef83eb1482ea9360065ac8d8913aaf18edd4ce8","sub-ucl03/anat/sub-ucl03_T2w_seg.nii.gz","520","12","","","","","","","","","","","","","","","","","",""
"2023-02-22 12:42:31","git-master-aef83eb1482ea9360065ac8d8913aaf18edd4ce8","sub-ucl03/anat/sub-ucl03_T2w_seg.nii.gz","521","12","","","","","","","","","","","","","","","","","",""
"2023-02-22 12:42:31","git-master-aef83eb1482ea9360065ac8d8913aaf18edd4ce8","sub-ucl03/anat/sub-ucl03_T2w_seg.nii.gz","522","12","","","","","","","","","","","","","","","","","",""
"2023-02-22 12:42:31","git-master-aef83eb1482ea9360065ac8d8913aaf18edd4ce8","sub-ucl03/anat/sub-ucl03_T2w_seg.nii.gz","523","12","","","","","","","","","","","","","","","","","",""
"2023-02-22 12:42:31","git-master-aef83eb1482ea9360065ac8d8913aaf18edd4ce8","sub-ucl03/anat/sub-ucl03_T2w_seg.nii.gz","524","12","","","","","","","","","","","","","","","","","",""
"2023-02-22 12:42:31","git-master-aef83eb1482ea9360065ac8d8913aaf18edd4ce8","sub-ucl03/anat/sub-ucl03_T2w_seg.nii.gz","525","12","","","","","","","","","","","","","","","","","",""
"2023-02-22 12:42:31","git-master-aef83eb1482ea9360065ac8d8913aaf18edd4ce8","sub-ucl03/anat/sub-ucl03_T2w_seg.nii.gz","526","12","","","","","","","","","","","","","","","","","",""
"2023-02-22 12:42:31","git-master-aef83eb1482ea9360065ac8d8913aaf18edd4ce8","sub-ucl03/anat/sub-ucl03_T2w_seg.nii.gz","527","12","","","","","","","","","","","","","","","","","",""
"2023-02-22 12:42:31","git-master-aef83eb1482ea9360065ac8d8913aaf18edd4ce8","sub-ucl03/anat/sub-ucl03_T2w_seg.nii.gz","528","12","","","","","","","","","","","","","","","","","",""
"2023-02-22 12:42:31","git-master-aef83eb1482ea9360065ac8d8913aaf18edd4ce8","sub-ucl03/anat/sub-ucl03_T2w_seg.nii.gz","529","12","","","","","","","","","","","","","","","","","",""
"2023-02-22 12:42:31","git-master-aef83eb1482ea9360065ac8d8913aaf18edd4ce8","sub-ucl03/anat/sub-ucl03_T2w_seg.nii.gz","530","12","","","","","","","","","","","","","","","","","",""
"2023-02-22 12:42:31","git-master-aef83eb1482ea9360065ac8d8913aaf18edd4ce8","sub-ucl03/anat/sub-ucl03_T2w_seg.nii.gz","531","12","","","","","","","","","","","","","","","","","",""
"2023-02-22 12:42:31","git-master-aef83eb1482ea9360065ac8d8913aaf18edd4ce8","sub-ucl03/anat/sub-ucl03_T2w_seg.nii.gz","532","12","","","","","","","","","","","","","","","","","",""
"2023-02-22 12:42:31","git-master-aef83eb1482ea9360065ac8d8913aaf18edd4ce8","sub-ucl03/anat/sub-ucl03_T2w_seg.nii.gz","533","12","","","","","","","","","","","","","","","","","",""
"2023-02-22 12:42:31","git-master-aef83eb1482ea9360065ac8d8913aaf18edd4ce8","sub-ucl03/anat/sub-ucl03_T2w_seg.nii.gz","534","12","","","","","","","","","","","","","","","","","",""
"2023-02-22 12:42:31","git-master-aef83eb1482ea9360065ac8d8913aaf18edd4ce8","sub-ucl03/anat/sub-ucl03_T2w_seg.nii.gz","535","12","","","","","","","","","","","","","","","","","",""
"2023-02-22 12:42:31","git-master-aef83eb1482ea9360065ac8d8913aaf18edd4ce8","sub-ucl03/anat/sub-ucl03_T2w_seg.nii.gz","536","12","","","","","","","","","","","","","","","","","",""
"2023-02-22 12:42:31","git-master-aef83eb1482ea9360065ac8d8913aaf18edd4ce8","sub-ucl03/anat/sub-ucl03_T2w_seg.nii.gz","537","12","","","","","","","","","","","","","","","","","",""
"2023-02-22 12:42:31","git-master-aef83eb1482ea9360065ac8d8913aaf18edd4ce8","sub-ucl03/anat/sub-ucl03_T2w_seg.nii.gz","538","12","","","","","","","","","","","","","","","","","",""
"2023-02-22 12:42:31","git-master-aef83eb1482ea9360065ac8d8913aaf18edd4ce8","sub-ucl03/anat/sub-ucl03_T2w_seg.nii.gz","539","12","","","","","","","","","","","","","","","","","",""
"2023-02-22 12:42:31","git-master-aef83eb1482ea9360065ac8d8913aaf18edd4ce8","sub-ucl03/anat/sub-ucl03_T2w_seg.nii.gz","540","12","","","","","","","","","","","","","","","","","",""
"2023-02-22 12:42:31","git-master-aef83eb1482ea9360065ac8d8913aaf18edd4ce8","sub-ucl03/anat/sub-ucl03_T2w_seg.nii.gz","541","12","","","","","","","","","","","","","","","","","",""
"2023-02-22 12:42:31","git-master-aef83eb1482ea9360065ac8d8913aaf18edd4ce8","sub-ucl03/anat/sub-ucl03_T2w_seg.nii.gz","542","12","","","","","","","","","","","","","","","","","",""
"2023-02-22 12:42:31","git-master-aef83eb1482ea9360065ac8d8913aaf18edd4ce8","sub-ucl03/anat/sub-ucl03_T2w_seg.nii.gz","543","12","","","","","","","","","","","","","","","","","",""
"2023-02-22 12:42:31","git-master-aef83eb1482ea9360065ac8d8913aaf18edd4ce8","sub-ucl03/anat/sub-ucl03_T2w_seg.nii.gz","544","12","","","","","","","","","","","","","","","","","",""
"2023-02-22 12:42:31","git-master-aef83eb1482ea9360065ac8d8913aaf18edd4ce8","sub-ucl03/anat/sub-ucl03_T2w_seg.nii.gz","545","12","","","","","","","","","","","","","","","","","",""
"2023-02-22 12:42:31","git-master-aef83eb1482ea9360065ac8d8913aaf18edd4ce8","sub-ucl03/anat/sub-ucl03_T2w_seg.nii.gz","546","12","","","","","","","","","","","","","","","","","",""
"2023-02-22 12:42:31","git-master-aef83eb1482ea9360065ac8d8913aaf18edd4ce8","sub-ucl03/anat/sub-ucl03_T2w_seg.nii.gz","547","12","","","","","","","","","","","","","","","","","",""
"2023-02-22 12:42:31","git-master-aef83eb1482ea9360065ac8d8913aaf18edd4ce8","sub-ucl03/anat/sub-ucl03_T2w_seg.nii.gz","548","12","","","","","","","","","","","","","","","","","",""
"2023-02-22 12:42:31","git-master-aef83eb1482ea9360065ac8d8913aaf18edd4ce8","sub-ucl03/anat/sub-ucl03_T2w_seg.nii.gz","549","12","","","","","","","","","","","","","","","","","",""
"2023-02-22 12:42:31","git-master-aef83eb1482ea9360065ac8d8913aaf18edd4ce8","sub-ucl03/anat/sub-ucl03_T2w_seg.nii.gz","550","12","","","","","","","","","","","","","","","","","",""
"2023-02-22 12:42:31","git-master-aef83eb1482ea9360065ac8d8913aaf18edd4ce8","sub-ucl03/anat/sub-ucl03_T2w_seg.nii.gz","551","12","","","","","","","","","","","","","","","","","",""
"2023-02-22 12:42:31","git-master-aef83eb1482ea9360065ac8d8913aaf18edd4ce8","sub-ucl03/anat/sub-ucl03_T2w_seg.nii.gz","552","11","","","","","","","","","","","","","","","","","",""
"2023-02-22 12:42:31","git-master-aef83eb1482ea9360065ac8d8913aaf18edd4ce8","sub-ucl03/anat/sub-ucl03_T2w_seg.nii.gz","553","11","","","","","","","","","","","","","","","","","",""
"2023-02-22 12:42:31","git-master-aef83eb1482ea9360065ac8d8913aaf18edd4ce8","sub-ucl03/anat/sub-ucl03_T2w_seg.nii.gz","554","11","","","","","","","","","","","","","","","","","",""
"2023-02-22 12:42:31","git-master-aef83eb1482ea9360065ac8d8913aaf18edd4ce8","sub-ucl03/anat/sub-ucl03_T2w_seg.nii.gz","555","11","","","","","","","","","","","","","","","","","",""
"2023-02-22 12:42:31","git-master-aef83eb1482ea9360065ac8d8913aaf18edd4ce8","sub-ucl03/anat/sub-ucl03_T2w_seg.nii.gz","556","11","","","","","","","","","","","","","","","","","",""
"2023-02-22 12:42:31","git-master-aef83eb1482ea9360065ac8d8913aaf18edd4ce8","sub-ucl03/anat/sub-ucl03_T2w_seg.nii.gz","557","11","","","","","","","","","","","","","","","","","",""
"2023-02-22 12:42:31","git-master-aef83eb1482ea9360065ac8d8913aaf18edd4ce8","sub-ucl03/anat/sub-ucl03_T2w_seg.nii.gz","558","11","","","","","","","","","","","","","","","","","",""
"2023-02-22 12:42:31","git-master-aef83eb1482ea9360065ac8d8913aaf18edd4ce8","sub-ucl03/anat/sub-ucl03_T2w_seg.nii.gz","559","11","","","","","","","","","","","","","","","","","",""
"2023-02-22 12:42:31","git-master-aef83eb1482ea9360065ac8d8913aaf18edd4ce8","sub-ucl03/anat/sub-ucl03_T2w_seg.nii.gz","560","11","","","","","","","","","","","","","","","","","",""
"2023-02-22 12:42:31","git-master-aef83eb1482ea9360065ac8d8913aaf18edd4ce8","sub-ucl03/anat/sub-ucl03_T2w_seg.nii.gz","561","11","","","","","","","","","","","","","","","","","",""
"2023-02-22 12:42:31","git-master-aef83eb1482ea9360065ac8d8913aaf18edd4ce8","sub-ucl03/anat/sub-ucl03_T2w_seg.nii.gz","562","11","","","","","","","","","","","","","","","","","",""
"2023-02-22 12:42:31","git-master-aef83eb1482ea9360065ac8d8913aaf18edd4ce8","sub-ucl03/anat/sub-ucl03_T2w_seg.nii.gz","563","11","","","","","","","","","","","","","","","","","",""
"2023-02-22 12:42:31","git-master-aef83eb1482ea9360065ac8d8913aaf18edd4ce8","sub-ucl03/anat/sub-ucl03_T2w_seg.nii.gz","564","11","","","","","","","","","","","","","","","","","",""
"2023-02-22 12:42:31","git-master-aef83eb1482ea9360065ac8d8913aaf18edd4ce8","sub-ucl03/anat/sub-ucl03_T2w_seg.nii.gz","565","11","","","","","","","","","","","","","","","","","",""
"2023-02-22 12:42:31","git-master-aef83eb1482ea9360065ac8d8913aaf18edd4ce8","sub-ucl03/anat/sub-ucl03_T2w_seg.nii.gz","566","11","","","","","","","","","","","","","","","","","",""
"2023-02-22 12:42:31","git-master-aef83eb1482ea9360065ac8d8913aaf18edd4ce8","sub-ucl03/anat/sub-ucl03_T2w_seg.nii.gz","567","11","","","","","","","","","","","","","","","","","",""
"2023-02-22 12:42:31","git-master-aef83eb1482ea9360065ac8d8913aaf18edd4ce8","sub-ucl03/anat/sub-ucl03_T2w_seg.nii.gz","568","11","","","","","","","","","","","","","","","","","",""
"2023-02-22 12:42:31","git-master-aef83eb1482ea9360065ac8d8913aaf18edd4ce8","sub-ucl03/anat/sub-ucl03_T2w_seg.nii.gz","569","11","","","","","","","","","","","","","","","","","",""
"2023-02-22 12:42:31","git-master-aef83eb1482ea9360065ac8d8913aaf18edd4ce8","sub-ucl03/anat/sub-ucl03_T2w_seg.nii.gz","570","11","","","","","","","","","","","","","","","","","",""
"2023-02-22 12:42:31","git-master-aef83eb1482ea9360065ac8d8913aaf18edd4ce8","sub-ucl03/anat/sub-ucl03_T2w_seg.nii.gz","571","11","","","","","","","","","","","","","","","","","",""
"2023-02-22 12:42:31","git-master-aef83eb1482ea9360065ac8d8913aaf18edd4ce8","sub-ucl03/anat/sub-ucl03_T2w_seg.nii.gz","572","11","","","","","","","","","","","","","","","","","",""
"2023-02-22 12:42:31","git-master-aef83eb1482ea9360065ac8d8913aaf18edd4ce8","sub-ucl03/anat/sub-ucl03_T2w_seg.nii.gz","573","11","","","","","","","","","","","","","","","","","",""
"2023-02-22 12:42:31","git-master-aef83eb1482ea9360065ac8d8913aaf18edd4ce8","sub-ucl03/anat/sub-ucl03_T2w_seg.nii.gz","574","11","",34.079526693676,0.0,0.47897639677055154,0.0,17.596511486709527,0.0,6.019660843180273,0.0,7.187471064625338,0.0,0.5464053823198,0.0,11.432068512562203,0.0,0.9827067669172932,0.0,""
"2023-02-22 12:42:31","git-master-aef83eb1482ea9360065ac8d8913aaf18edd4ce8","sub-ucl03/anat/sub-ucl03_T2w_seg.nii.gz","575","11","",34.518375946093826,0.0,0.4484893455282979,0.0,17.82442174785344,0.0,6.08854816068396,0.0,7.223734028842718,0.0,0.5381026912359307,0.0,8.435410226350765,0.0,0.9817920651491063,0.0,""
"2023-02-22 12:42:31","git-master-aef83eb1482ea9360065ac8d8913aaf18edd4ce8","sub-ucl03/anat/sub-ucl03_T2w_seg.nii.gz","576","11","",34.81811022327847,0.0,0.41805395005666335,0.0,18.051573417497117,0.0,6.131400917003769,0.0,7.2541679354362065,0.0,0.5342443201989946,0.0,6.810870593287061,0.0,0.9802956640493061,0.0,""
"2023-02-22 12:42:31","git-master-aef83eb1482ea9360065ac8d8913aaf18edd4ce8","sub-ucl03/anat/sub-ucl03_T2w_seg.nii.gz","577","11","",34.283154649063974,0.0,0.38792848920874384,0.0,18.274173538139376,0.0,6.018046306220324,0.0,7.249627496286344,0.0,0.5570518694436573,0.0,13.419042879109785,0.0,0.9753090669598254,0.0,""
"2023-02-22 12:42:31","git-master-aef83eb1482ea9360065ac8d8913aaf18edd4ce8","sub-ucl03/anat/sub-ucl03_T2w_seg.nii.gz","578","11","",33.88725028952833,0.0,0.3579063604885017,0.0,18.49526923240246,0.0,5.907235900451967,0.0,7.258423644093115,0.0,0.5806226728882317,0.0,17.422454608653016,0.0,0.9713152399026005,0.0,""
"2023-02-22 12:42:31","git-master-aef83eb1482ea9360065ac8d8913aaf18edd4ce8","sub-ucl03/anat/sub-ucl03_T2w_seg.nii.gz","579","11","",33.83897396668983,0.0,0.3281425620874533,0.0,18.712603860717596,0.0,5.802786007221336,0.0,7.300561259291471,0.0,0.606101611832585,0.0,14.913964947497508,0.0,0.9698033379260145,0.0,""
"2023-02-22 12:42:31","git-master-aef83eb1482ea9360065ac8d8913aaf18edd4ce8","sub-ucl03/anat/sub-ucl03_T2w_seg.nii.gz","580","11","",34.08512290301564,0.0,0.29853379093560173,0.0,18.927701468876574,0.0,5.843682620874734,0.0,7.285886078232759,0.0,0.5938673955090656,0.0,10.703135534192002,0.0,0.9712542111019269,0.0,""
"2023-02-22 12:42:31","git-master-aef83eb1482ea9360065ac8d8913aaf18edd4ce8","sub-ucl03/anat/sub-ucl03_T2w_seg.nii.gz","581","11","",34.72383885156053,0.0,0.2691317227826794,0.0,19.139816383493997,0.0,6.078374577040171,0.0,7.1954605021646225,0.0,0.5313489721617158,0.0,4.222519784686501,0.0,0.9766554511478369,0.0,""
"2023-02-22 12:42:31","git-master-aef83eb1482ea9360065ac8d8913aaf18edd4ce8","sub-ucl03/anat/sub-ucl03_T2w_seg.nii.gz","582","11","",34.68653992781069,0.0,0.23993639401259387,0.0,19.34897530316504,0.0,6.1627247661622375,0.0,7.130804310170294,0.0,0.5030622680824435,0.0,4.551534248334035,0.0,0.9788116259179231,0.0,""
"2023-02-22 12:42:31","git-master-aef83eb1482ea9360065ac8d8913aaf18edd4ce8","sub-ucl03/anat/sub-ucl03_T2w_seg.nii.gz","583","11","",34.142229849839815,0.0,0.21089611977963593,0.0,19.5559172266263,0.0,6.134318630001773,0.0,7.08547515623132,0.0,0.5004493534542293,0.0,9.987771371846366,0.0,0.9785340017311416,0.0,""
"2023-02-22 12:42:31","git-master-aef83eb1482ea9360065ac8d8913aaf18edd4ce8","sub-ucl03/anat/sub-ucl03_T2w_seg.nii.gz","584","11","",34.544145249808,0.0,0.18211431239159742,0.0,19.75919807800469,0.0,6.182628277462975,0.0,7.1565716893751565,0.0,0.5035446807874572,0.0,9.288085918805013,0.0,0.9766414346775999,0.0,""
"2023-02-22 12:42:31","git-master-aef83eb1482ea9360065ac8d8913aaf18edd4ce8","sub-ucl03/anat/sub-ucl03_T2w_seg.nii.gz","585","11","",35.3245508409518,0.0,0.15343589174152666,0.0,19.961014500549936,0.0,6.261624238372842,0.0,7.274238497352116,0.0,0.5089233049052619,0.0,6.134031435142195,0.0,0.9741028904773543,0.0,""
"2023-02-22 12:42:31","git-master-aef83eb1482ea9360065ac8d8913aaf18edd4ce8","sub-ucl03/anat/sub-ucl03_T2w_seg.nii.gz","586","11","",35.89927173425453,0.0,0.12506767911090477,0.0,20.15847885815344,0.0,6.199330249302604,0.0,7.340679948999915,0.0,0.5343986748768164,0.0,5.181420502901746,0.0,0.9763876491238807,0.0,""
"2023-02-22 12:42:31","git-master-aef83eb1482ea9360065ac8d8913aaf18edd4ce8","sub-ucl03/anat/sub-ucl03_T2w_seg.nii.gz","587","11","",36.439711844583755,0.0,0.09675116781685773,0.0,20.355217871599987,0.0,6.113487935235682,0.0,7.39858384125952,0.0,0.5632235024906626,0.0,4.595716829231697,0.0,0.9794762915782024,0.0,""
"2023-02-22 12:42:31","git-master-aef83eb1482ea9360065ac8d8913aaf18edd4ce8","sub-ucl03/anat/sub-ucl03_T2w_seg.nii.gz","588","11","",34.88109533154181,0.0,0.06879661787993308,0.0,20.5469280130419,0.0,6.009844506649195,0.0,7.286408903867183,0.0,0.5654463161881518,0.0,8.107417729395003,0.0,0.983925691898457,0.0,""
"2023-02-22 12:42:31","git-master-aef83eb1482ea9360065ac8d8913aaf18edd4ce8","sub-ucl03/anat/sub-ucl03_T2w_seg.nii.gz","589","11","",33.73827035701755,0.0,0.04089378361479983,0.0,20.73792672071065,0.0,5.963551477653753,0.0,7.186668089347379,0.0,0.5562229303360877,0.0,11.694985777928363,0.0,0.9862953138815208,0.0,""
"2023-02-22 12:42:31","git-master-aef83eb1482ea9360065ac8d8913aaf18edd4ce8","sub-ucl03/anat/sub-ucl03_T2w_seg.nii.gz","590","11","",35.09019461359951,0.0,0.013301243380414968,0.0,20.924656825740435,0.0,6.261360846204592,0.0,7.161532012062777,0.0,0.47832234718670286,0.0,15.73775671668206,0.0,0.9761862658414383,0.0,""
"2023-02-22 12:42:31","git-master-aef83eb1482ea9360065ac8d8913aaf18edd4ce8","sub-ucl03/anat/sub-ucl03_T2w_seg.nii.gz","591","11","",35.72654640485696,0.0,-0.014187852709045694,0.0,21.109978062227686,0.0,6.399744916018781,0.0,7.151605180199546,0.0,0.4428726307954087,0.0,17.995074373010805,0.0,0.9678446956443552,0.0,""
"2023-02-22 12:42:31","git-master-aef83eb1482ea9360065ac8d8913aaf18edd4ce8","sub-ucl03/anat/sub-ucl03_T2w_seg.nii.gz","592","11","",34.573967032803154,0.0,-0.041418338436195815,0.0,21.29177712735861,0.0,6.139565738991341,0.0,7.179701461889741,0.0,0.5135500812993414,0.0,15.788758823277139,0.0,0.9639218200547706,0.0,""
"2023-02-22 12:42:31","git-master-aef83eb1482ea9360065ac8d8913aaf18edd4ce8","sub-ucl03/anat/sub-ucl03_T2w_seg.nii.gz","593","11","",34.409162491685095,0.0,-0.06849364021273527,0.0,21.4714839019836,0.0,6.048057514893458,0.0,7.208137889793332,0.0,0.5436447441744141,0.0,18.732676642458117,0.0,0.9624260469778835,0.0,""
"2023-02-22 12:42:31","git-master-aef83eb1482ea9360065ac8d8913aaf18edd4ce8","sub-ucl03/anat/sub-ucl03_T2w_seg.nii.gz","594","11","",35.56139105848135,0.0,-0.0953620300551274,0.0,21.64840095593402,0.0,6.181443894701647,0.0,7.2370278459814505,0.0,0.5196290235443403,0.0,28.543572286858648,0.0,0.9641664105845931,0.0,""
"2023-02-22 12:42:31","git-master-aef83eb1482ea9360065ac8d8913aaf18edd4ce8","sub-ucl03/anat/sub-ucl03_T2w_seg.nii.gz","595","11","",35.94877186138519,0.0,-0.12202348621337938,0.0,21.822556255334444,0.0,6.204628505088731,0.0,7.279784936424172,0.0,0.5224022765076316,0.0,25.417836978990692,0.0,0.9706427016829006,0.0,""
"2023-02-22 12:42:31","git-master-aef83eb1482ea9360065ac8d8913aaf18edd4ce8","sub-ucl03/anat/sub-ucl03_T2w_seg.nii.gz","596","11","",35.762516841369724,0.0,-0.14852974210852615,0.0,21.99464023882237,0.0,6.145161788409986,0.0,7.332942377557846,0.0,0.5452672596659469,0.0,12.58962845692135,0.0,0.9806709383999065,0.0,""
"2023-02-22 12:42:31","git-master-aef83eb1482ea9360065ac8d8913aaf18edd4ce8","sub-ucl03/anat/sub-ucl03_T2w_seg.nii.gz","597","11","",35.045550431733396,0.0,-0.17477730599980768,0.0,22.16330684388144,0.0,6.096498424527591,0.0,7.330766786336299,0.0,0.5553159022277145,0.0,7.57982491338213,0.0,0.9822157719151435,0.0,""
"2023-02-22 12:42:31","git-master-aef83eb1482ea9360065ac8d8913aaf18edd4ce8","sub-ucl03/anat/sub-ucl03_T2w_seg.nii.gz","598","11","",34.116299466248726,0.0,-0.20092139308954302,0.0,22.330606497568965,0.0,6.052156401763737,0.0,7.306457982172661,0.0,0.5602380085508629,0.0,5.6973833612550155,0.0,0.980367244149673,0.0,""
"2023-02-22 12:42:31","git-master-aef83eb1482ea9360065ac8d8913aaf18edd4ce8","sub-ucl03/anat/sub-ucl03_T2w_seg.nii.gz","599","11","",33.26060845268308,0.0,-0.226755022549101,0.0,22.493846813999877,0.0,5.798832675136443,0.0,7.4136293151606125,0.0,0.6171884286987385,0.0,7.039916965236445,0.0,0.9705947328520487,0.0,""
"2023-02-22 12:42:31","git-master-aef83eb1482ea9360065ac8d8913aaf18edd4ce8","sub-ucl03/anat/sub-ucl03_T2w_seg.nii.gz","600","11","",32.41717743110394,0.0,-0.2525369090702961,0.0,22.65641057422135,0.0,5.510678664531908,0.0,7.542714004340494,0.0,0.6828102344840687,0.0,8.919946428569311,0.0,0.9595015576323987,0.0,""
"2023-02-22 12:42:31","git-master-aef83eb1482ea9360065ac8d8913aaf18edd4ce8","sub-ucl03/anat/sub-ucl03_T2w_seg.nii.gz","601","10","",35.0988574744756,0.0,-0.2997448438270483,0.0,22.949608677761248,0.0,5.837166912227932,0.0,7.504714440109838,0.0,0.6285125034858454,0.0,12.859299851769304,0.0,0.9836674090571641,0.0,""
"2023-02-22 12:42:31","git-master-aef83eb1482ea9360065ac8d8913aaf18edd4ce8","sub-ucl03/anat/sub-ucl03_T2w_seg.nii.gz","602","10","",34.94676173464371,0.0,-0.32559771884148436,0.0,23.107708887344543,0.0,5.950999092020804,0.0,7.407621880559977,0.0,0.5938701563755246,0.0,14.00336095737231,0.0,0.9693784350699933,0.0,""
"2023-02-22 12:42:31","git-master-aef83eb1482ea9360065ac8d8913aaf18edd4ce8","sub-ucl03/anat/sub-ucl03_T2w_seg.nii.gz","603","10","",34.89764065689745,0.0,-0.35137583800406635,0.0,23.264861264015735,0.0,6.040551897305625,0.0,7.362158873664405,0.0,0.5712080021194638,0.0,14.486027818594222,0.0,0.9587751078797206,0.0,""
"2023-02-22 12:42:31","git-master-aef83eb1482ea9360065ac8d8913aaf18edd4ce8","sub-ucl03/anat/sub-ucl03_T2w_seg.nii.gz","604","10","",35.26041822749375,0.0,-0.37685493375923185,0.0,23.41822230903849,0.0,6.032987204558249,0.0,7.523214077385989,0.0,0.5964666192804424,0.0,12.323117702291755,0.0,0.9629143678770405,0.0,""
"2023-02-22 12:42:31","git-master-aef83eb1482ea9360065ac8d8913aaf18edd4ce8","sub-ucl03/anat/sub-ucl03_T2w_seg.nii.gz","605","10","",35.802224870895316,0.0,-0.40218450937223316,0.0,23.56970680406746,0.0,6.088472435564887,0.0,7.594154470855628,0.0,0.596509542890636,0.0,12.032167726579043,0.0,0.9645171342967392,0.0,""
"2023-02-22 12:42:31","git-master-aef83eb1482ea9360065ac8d8913aaf18edd4ce8","sub-ucl03/anat/sub-ucl03_T2w_seg.nii.gz","606","10","",36.612575123504776,0.0,-0.4272898047719882,0.0,23.718376474105753,0.0,6.238532552202545,0.0,7.52992264894735,0.0,0.5587289261746518,0.0,14.549157961750966,0.0,0.9623151603500059,0.0,""
"2023-02-22 12:42:31","git-master-aef83eb1482ea9360065ac8d8913aaf18edd4ce8","sub-ucl03/anat/sub-ucl03_T2w_seg.nii.gz","607","10","",36.98096928504465,0.0,-0.45217080889192934,0.0,23.864259546103938,0.0,6.199313665910728,0.0,7.584469269521344,0.0,0.5731445845156986,0.0,11.511795902140115,0.0,0.9597771088588796,0.0,""
"2023-02-22 12:42:31","git-master-aef83eb1482ea9360065ac8d8913aaf18edd4ce8","sub-ucl03/anat/sub-ucl03_T2w_seg.nii.gz","608","10","",37.05472605253813,0.0,-0.4769022854919947,0.0,24.008284886075383,0.0,6.0339087776659275,0.0,7.718201518416854,0.0,0.6223577595614329,0.0,4.771532312674077,0.0,0.9570150056714912,0.0,""
"2023-02-22 12:42:31","git-master-aef83eb1482ea9360065ac8d8913aaf18edd4ce8","sub-ucl03/anat/sub-ucl03_T2w_seg.nii.gz","609","10","",36.45414821099524,0.0,-0.5013346943353506,0.0,24.148631748381383,0.0,5.996684530089374,0.0,7.652070463478475,0.0,0.6207955250016892,0.0,4.6944899299043,0.0,0.9681276288933761,0.0,""
"2023-02-22 12:42:31","git-master-aef83eb1482ea9360065ac8d8913aaf18edd4ce8","sub-ucl03/anat/sub-ucl03_T2w_seg.nii.gz","610","10","",35.68498671719327,0.0,-0.5256923362395292,0.0,24.288058991271022,0.0,5.991505442679883,0.0,7.535973582581625,0.0,0.606539438040576,0.0,6.283252848808591,0.0,0.9827089337175793,0.0,""
"2023-02-22 12:42:31","git-master-aef83eb1482ea9360065ac8d8913aaf18edd4ce8","sub-ucl03/anat/sub-ucl03_T2w_seg.nii.gz","611","10","",36.041216138167265,0.0,-0.5496761299974429,0.0,24.422933496314684,0.0,6.168411585859563,0.0,7.481763302357781,0.0,0.5637555675810203,0.0,12.60907592945899,0.0,0.9675570352871888,0.0,""
"2023-02-22 12:42:31","git-master-aef83eb1482ea9360065ac8d8913aaf18edd4ce8","sub-ucl03/anat/sub-ucl03_T2w_seg.nii.gz","612","10","",36.62533349157901,0.0,-0.5735851519050423,0.0,24.556906339547506,0.0,6.3020345046152295,0.0,7.492174125695035,0.0,0.5391728275465711,0.0,16.377299407536505,0.0,0.9552076168049635,0.0,""
"2023-02-22 12:42:31","git-master-aef83eb1482ea9360065ac8d8913aaf18edd4ce8","sub-ucl03/anat/sub-ucl03_T2w_seg.nii.gz","613","10","",38.12100257474176,0.0,-0.5971950864113851,0.0,24.687272535536994,0.0,6.262524525674833,0.0,7.761069363276679,0.0,0.5873946092125479,0.0,9.915124475322422,0.0,0.9540681181153989,0.0,""
"2023-02-22 12:42:31","git-master-aef83eb1482ea9360065ac8d8913aaf18edd4ce8","sub-ucl03/anat/sub-ucl03_T2w_seg.nii.gz","614","10","",39.04257626204521,0.0,-0.6206554736733173,0.0,24.81585278648479,0.0,6.226345556642413,0.0,7.913429989933198,0.0,0.6171992136123824,0.0,6.208794103020028,0.0,0.9539880391758627,0.0,""
"2023-02-22 12:42:31","git-master-aef83eb1482ea9360065ac8d8913aaf18edd4ce8","sub-ucl03/anat/sub-ucl03_T2w_seg.nii.gz","615","10","",39.103006855559734,0.0,-0.6438915400686339,0.0,24.94175411987005,0.0,6.195163102471956,0.0,7.890988700202033,0.0,0.6193780521130037,0.0,6.6362305705851625,0.0,0.9554970898613688,0.0,""
"2023-02-22 12:42:31","git-master-aef83eb1482ea9360065ac8d8913aaf18edd4ce8","sub-ucl03/anat/sub-ucl03_T2w_seg.nii.gz","616","10","",38.36960683020209,0.0,-0.6669032815705535,0.0,25.06500198570955,0.0,6.09594223549917,0.0,7.888824374611924,0.0,0.6341889861666878,0.0,4.583459187417288,0.0,0.9598123050505629,0.0,""
"2023-02-22 12:42:31","git-master-aef83eb1482ea9360065ac8d8913aaf18edd4ce8","sub-ucl03/anat/sub-ucl03_T2w_seg.nii.gz","617","10","",37.106986392263,0.0,-0.6897654731435418,0.0,25.186480873185204,0.0,5.9513624266581635,0.0,7.900178025115852,0.0,0.6574213172557475,0.0,0.8772159037607405,0.0,0.9659982965755488,0.0,""
"2023-02-22 12:42:31","git-master-aef83eb1482ea9360065ac8d8913aaf18edd4ce8","sub-ucl03/anat/sub-ucl03_T2w_seg.nii.gz","618","10","",37.26656382034196,0.0,-0.7123285611312163,0.0,25.304454878900874,0.0,6.059552296513728,0.0,7.838082479494646,0.0,0.6325747082461435,0.0,1.0843786282848975,0.0,0.9598781085914346,0.0,""
"2023-02-22 12:42:31","git-master-aef83eb1482ea9360065ac8d8913aaf18edd4ce8","sub-ucl03/anat/sub-ucl03_T2w_seg.nii.gz","619","10","",37.78169071492542,0.0,-0.7348168732225624,0.0,25.421552664176552,0.0,6.2309345860434355,0.0,7.7576246348421565,0.0,0.5957083642118735,0.0,2.269892854854227,0.0,0.9506813757300454,0.0,""
"2023-02-22 12:42:31","git-master-aef83eb1482ea9360065ac8d8913aaf18edd4ce8","sub-ucl03/anat/sub-ucl03_T2w_seg.nii.gz","620","10","",37.75573378201396,0.0,-0.7569313031303073,0.0,25.534309578643402,0.0,6.243561357937074,0.0,7.807516748281513,0.0,0.6003727747324024,0.0,5.935445018662984,0.0,0.9580046879430951,0.0,""
"2023-02-22 12:42:31","git-master-aef83eb1482ea9360065ac8d8913aaf18edd4ce8","sub-ucl03/anat/sub-ucl03_T2w_seg.nii.gz","621","10","",37.95450821970306,0.0,-0.7789709564337921,0.0,25.64620613562053,0.0,6.251853248158937,0.0,7.867556775764897,0.0,0.6069401881444665,0.0,8.191423436661712,0.0,0.9651788918351625,0.0,""
"2023-02-22 12:42:31","git-master-aef83eb1482ea9360065ac8d8913aaf18edd4ce8","sub-ucl03/anat/sub-ucl03_T2w_seg.nii.gz","622","10","",39.05220813979436,0.0,-0.8007115033202364,0.0,25.75466126263878,0.0,6.242805611693693,0.0,7.96818845942439,0.0,0.6211196131226719,0.0,4.809106871420301,0.0,0.9717566624433011,0.0,""
"2023-02-22 12:42:31","git-master-aef83eb1482ea9360065ac8d8913aaf18edd4ce8","sub-ucl03/anat/sub-ucl03_T2w_seg.nii.gz","623","10","",38.83579448138659,0.0,-0.8223024973721607,0.0,25.861410835867883,0.0,6.138838897492761,0.0,7.968962152934436,0.0,0.6375460471803881,0.0,2.808691454559855,0.0,0.9763236134410129,0.0,""
"2023-02-22 12:42:31","git-master-aef83eb1482ea9360065ac8d8913aaf18edd4ce8","sub-ucl03/anat/sub-ucl03_T2w_seg.nii.gz","624","10","",36.64821045523022,0.0,-0.8436691621723048,0.0,25.965602078413266,0.0,5.892493566688296,0.0,7.819948861220311,0.0,0.6573429948573707,0.0,2.881127760270868,0.0,0.9778743350230852,0.0,""
"2023-02-22 12:42:31","git-master-aef83eb1482ea9360065ac8d8913aaf18edd4ce8","sub-ucl03/anat/sub-ucl03_T2w_seg.nii.gz","625","10","",37.0786823086055,0.0,-0.8648114992912813,0.0,26.06725700628332,0.0,6.046405578583654,0.0,7.737424955214219,0.0,0.6181579124732632,0.0,3.5041914489257815,0.0,0.9737359010185691,0.0,""
"2023-02-22 12:42:31","git-master-aef83eb1482ea9360065ac8d8913aaf18edd4ce8","sub-ucl03/anat/sub-ucl03_T2w_seg.nii.gz","626","10","",39.254524748335236,0.0,-0.8858042846228127,0.0,26.16722105770315,0.0,6.467155818945561,0.0,7.699227306346814,0.0,0.5396514767150955,0.0,4.494340059543299,0.0,0.9658046966229944,0.0,""
"2023-02-22 12:42:31","git-master-aef83eb1482ea9360065ac8d8913aaf18edd4ce8","sub-ucl03/anat/sub-ucl03_T2w_seg.nii.gz","627","10","",39.72678045776433,0.0,-0.9064979697489748,0.0,26.263831722100687,0.0,6.461051194793456,0.0,7.844659276557114,0.0,0.56359035727051,0.0,6.945848927063995,0.0,0.9629527938625567,0.0,""
"2023-02-22 12:42:31","git-master-aef83eb1482ea9360065ac8d8913aaf18edd4ce8","sub-ucl03/anat/sub-ucl03_T2w_seg.nii.gz","628","10","",39.77313948461826,0.0,-0.9271168798237945,0.0,26.35960403974265,0.0,6.348232854512848,0.0,8.03599865153684,0.0,0.6131405669043201,0.0,9.762697858810485,0.0,0.9613707165109034,0.0,""
"2023-02-22 12:42:31","git-master-aef83eb1482ea9360065ac8d8913aaf18edd4ce8","sub-ucl03/anat/sub-ucl03_T2w_seg.nii.gz","629","10","",39.73937699882382,0.0,-0.9473619203610915,0.0,26.45121882123244,0.0,6.314458189702365,0.0,8.039109550399358,0.0,0.6188676562396439,0.0,8.464551526842573,0.0,0.9691096647303403,0.0,""
"2023-02-22 12:42:31","git-master-aef83eb1482ea9360065ac8d8913aaf18edd4ce8","sub-ucl03/anat/sub-ucl03_T2w_seg.nii.gz","630","10","",39.48466317975501,0.0,-0.9675321884191038,0.0,26.54200867881541,0.0,6.267921649473555,0.0,8.020587317674904,0.0,0.623939821818547,0.0,7.158570319305428,0.0,0.9753461209412678,0.0,""
"2023-02-22 12:42:31","git-master-aef83eb1482ea9360065ac8d8913aaf18edd4ce8","sub-ucl03/anat/sub-ucl03_T2w_seg.nii.gz","631","10","",38.34614402758869,0.0,-0.9874033665599784,0.0,26.62949884077109,0.0,6.170337607571438,0.0,7.915532558602569,0.0,0.6263922923717674,0.0,5.821249609491343,0.0,0.9755726091181576,0.0,""
"2023-02-22 12:42:31","git-master-aef83eb1482ea9360065ac8d8913aaf18edd4ce8","sub-ucl03/anat/sub-ucl03_T2w_seg.nii.gz","632","10","",37.71233203867861,0.0,-1.007125003133957,0.0,26.715351801537864,0.0,6.1220922782885365,0.0,7.833091211389709,0.0,0.6237068115433309,0.0,4.753814386362003,0.0,0.9752978548660783,0.0,""
"2023-02-22 12:42:31","git-master-aef83eb1482ea9360065ac8d8913aaf18edd4ce8","sub-ucl03/anat/sub-ucl03_T2w_seg.nii.gz","633","10","",37.83558079465289,0.0,-1.0266223273575912,0.0,26.79874896052128,0.0,6.147855017934457,0.0,7.78456998196606,0.0,0.6133144036424086,0.0,4.091207393259787,0.0,0.9742712369705456,0.0,""
"2023-02-22 12:42:31","git-master-aef83eb1482ea9360065ac8d8913aaf18edd4ce8","sub-ucl03/anat/sub-ucl03_T2w_seg.nii.gz","634","10","",37.79834896160709,0.0,-1.0458953450718724,0.0,26.879708497424847,0.0,6.103952670872032,0.0,7.826188878468549,0.0,0.6249398966796401,0.0,3.9642199448621303,0.0,0.9773865366452987,0.0,""
"2023-02-22 12:42:31","git-master-aef83eb1482ea9360065ac8d8913aaf18edd4ce8","sub-ucl03/anat/sub-ucl03_T2w_seg.nii.gz","635","10","",37.65413006921457,0.0,-1.0650188251132517,0.0,26.95904295294185,0.0,6.013606932670709,0.0,7.927901192255128,0.0,0.6512439903423072,0.0,4.194312192934178,0.0,0.9832631147002425,0.0,""
"2023-02-22 12:42:31","git-master-aef83eb1482ea9360065ac8d8913aaf18edd4ce8","sub-ucl03/anat/sub-ucl03_T2w_seg.nii.gz","636","10","",37.19718067019466,0.0,-1.0838432385368815,0.0,27.035150419543452,0.0,5.898443942995463,0.0,7.9961566416746095,0.0,0.6744848803302276,0.0,2.364376475104415,0.0,0.9808826730342292,0.0,""
"2023-02-22 12:42:31","git-master-aef83eb1482ea9360065ac8d8913aaf18edd4ce8","sub-ucl03/anat/sub-ucl03_T2w_seg.nii.gz","637","10","",36.66204864451791,0.0,-1.1025928853060736,0.0,27.110451138916208,0.0,5.777076640451738,0.0,8.056047875002317,0.0,0.6969599693994613,0.0,0.01943376579919017,0.0,0.9764379764379765,0.0,""
"2023-02-22 12:42:31","git-master-aef83eb1482ea9360065ac8d8913aaf18edd4ce8","sub-ucl03/anat/sub-ucl03_T2w_seg.nii.gz","638","10","",36.65110670151916,0.0,-1.1209687108090536,0.0,27.181745743861864,0.0,5.871669617427061,0.0,8.028869186578055,0.0,0.6817390604010889,0.0,2.8580453082715933,0.0,0.9667225461303524,0.0,""
"2023-02-22 12:42:31","git-master-aef83eb1482ea9360065ac8d8913aaf18edd4ce8","sub-ucl03/anat/sub-ucl03_T2w_seg.nii.gz","639","10","",36.87207076983436,0.0,-1.1392697746636449,0.0,27.25224437877053,0.0,5.976695965787249,0.0,7.993549931300161,0.0,0.6636077769182263,0.0,4.640171248231409,0.0,0.960751668196315,0.0,""
"2023-02-22 12:42:31","git-master-aef83eb1482ea9360065ac8d8913aaf18edd4ce8","sub-ucl03/anat/sub-ucl03_T2w_seg.nii.gz","640","10","",38.020658883405325,0.0,-1.15727179192468,0.0,27.319559133531254,0.0,6.1234557996868935,0.0,7.925668408607746,0.0,0.6338349954974023,0.0,2.1963547781407624,0.0,0.9697589997566246,0.0,""
"2023-02-22 12:42:31","git-master-aef83eb1482ea9360065ac8d8913aaf18edd4ce8","sub-ucl03/anat/sub-ucl03_T2w_seg.nii.gz","641","10","",38.41262390008514,0.0,-1.1751242914755358,0.0,27.385291906739504,0.0,6.136804809786319,0.0,7.901604201732047,0.0,0.6290171032325268,0.0,1.4501059574230573,0.0,0.9759447556086982,0.0,""
"2023-02-22 12:42:31","git-master-aef83eb1482ea9360065ac8d8913aaf18edd4ce8","sub-ucl03/anat/sub-ucl03_T2w_seg.nii.gz","642","10","",37.66965427142821,0.0,-1.1927525144611224,0.0,27.448651707619046,0.0,5.950037584185411,0.0,7.943265968581424,0.0,0.6616315447015743,0.0,3.2502086107647803,0.0,0.9778981478984176,0.0,""
"2023-02-22 12:42:31","git-master-aef83eb1482ea9360065ac8d8913aaf18edd4ce8","sub-ucl03/anat/sub-ucl03_T2w_seg.nii.gz","643","10","",37.690103211411206,0.0,-1.2101564697819716,0.0,27.509652647674145,0.0,6.004380109668304,0.0,7.884521160201667,0.0,0.6453700482259,0.0,5.019083182606451,0.0,0.9789157691669836,0.0,""
"2023-02-22 12:42:31","git-master-aef83eb1482ea9360065ac8d8913aaf18edd4ce8","sub-ucl03/anat/sub-ucl03_T2w_seg.nii.gz","644","10","",38.21949786382082,0.0,-1.2274109133263293,0.0,27.56908101384628,0.0,6.219462469207062,0.0,7.758838635002488,0.0,0.5965245931204118,0.0,6.767139033448088,0.0,0.9793095430881142,0.0,""
"2023-02-22 12:42:31","git-master-aef83eb1482ea9360065ac8d8913aaf18edd4ce8","sub-ucl03/anat/sub-ucl03_T2w_seg.nii.gz","645","10","",38.17776333886983,0.0,-1.244366345820901,0.0,27.625381939451575,0.0,6.197992418163592,0.0,7.8307037789335565,0.0,0.609929375641325,0.0,4.341411330485478,0.0,0.972002135148615,0.0,""
"2023-02-22 12:42:31","git-master-aef83eb1482ea9360065ac8d8913aaf18edd4ce8","sub-ucl03/anat/sub-ucl03_T2w_seg.nii.gz","646","10","",37.99324651957869,0.0,-1.2612470255530266,0.0,27.680901004915164,0.0,6.117384264474564,0.0,7.951955840147189,0.0,0.6388967175688388,0.0,0.8722377390717886,0.0,0.9627694317439582,0.0,""
"2023-02-22 12:42:31","git-master-aef83eb1482ea9360065ac8d8913aaf18edd4ce8","sub-ucl03/anat/sub-ucl03_T2w_seg.nii.gz","647","9","",39.2334567875818,0.0,-1.2909595036431116,0.0,27.77383591673152,0.0,6.309052985047069,0.0,7.905699551527322,0.0,0.6026071118193905,0.0,1.227121092980021,0.0,0.9712276214833759,0.0,""
"2023-02-22 12:42:31","git-master-aef83eb1482ea9360065ac8d8913aaf18edd4ce8","sub-ucl03/anat/sub-ucl03_T2w_seg.nii.gz","648","9","",38.958034253502206,0.0,-1.3045113931705155,0.0,27.813955401335612,0.0,6.1978371845787015,0.0,8.001122842081651,0.0,0.6308364039086427,0.0,1.2872534240694706,0.0,0.9754563083303366,0.0,""
"2023-02-22 12:42:31","git-master-aef83eb1482ea9360065ac8d8913aaf18edd4ce8","sub-ucl03/anat/sub-ucl03_T2w_seg.nii.gz","649","9","",38.68261171942261,0.0,-1.3180632826979195,0.0,27.854074885939703,0.0,6.086621384110333,0.0,8.096546132635979,0.0,0.6590656959978949,0.0,1.3473857551589201,0.0,0.9796849951772973,0.0,""
"2023-02-22 12:42:31","git-master-aef83eb1482ea9360065ac8d8913aaf18edd4ce8","sub-ucl03/anat/sub-ucl03_T2w_seg.nii.gz","650","9","",38.85298485675623,0.0,-1.3313460989641512,0.0,27.89142145226635,0.0,6.135387204426114,0.0,8.022566283837609,0.0,0.643209130168996,0.0,4.2436344276771765,0.0,0.9821287779237845,0.0,""
"2023-02-22 12:42:31","git-master-aef83eb1482ea9360065ac8d8913aaf18edd4ce8","sub-ucl03/anat/sub-ucl03_T2w_seg.nii.gz","651","9","",39.097657272658715,0.0,-1.3445840696868545,0.0,27.928305865546758,0.0,6.210816628205919,0.0,7.920352578480457,0.0,0.6200049213537385,0.0,7.612569157100234,0.0,0.984275076653526,0.0,""
"2023-02-22 12:42:31","git-master-aef83eb1482ea9360065ac8d8913aaf18edd4ce8","sub-ucl03/anat/sub-ucl03_T2w_seg.nii.gz","652","9","",38.91703290951742,0.0,-1.3575978235577577,0.0,27.962889432740322,0.0,6.143216348979013,0.0,7.975261438749329,0.0,0.635847694725432,0.0,6.010151389557176,0.0,0.9834853855642449,0.0,""
"2023-02-22 12:42:31","git-master-aef83eb1482ea9360065ac8d8913aaf18edd4ce8","sub-ucl03/anat/sub-ucl03_T2w_seg.nii.gz","653","9","",38.56628983475861,0.0,-1.3705218906879413,0.0,27.996552661499145,0.0,6.018404188549423,0.0,8.09301932526861,0.0,0.6673092609719059,0.0,2.4191926232276737,0.0,0.9815212985473547,0.0,""
"2023-02-22 12:42:31","git-master-aef83eb1482ea9360065ac8d8913aaf18edd4ce8","sub-ucl03/anat/sub-ucl03_T2w_seg.nii.gz","654","9","",38.827094133980744,0.0,-1.383266593246985,0.0,28.028382470965383,0.0,6.060496917934382,0.0,8.129784939376233,0.0,0.6656488516762002,0.0,1.1567897707026606,0.0,0.971718847264217,0.0,""
"2023-02-22 12:42:31","git-master-aef83eb1482ea9360065ac8d8913aaf18edd4ce8","sub-ucl03/anat/sub-ucl03_T2w_seg.nii.gz","655","9","",39.546558963688604,0.0,-1.395876772377674,0.0,28.058837215962182,0.0,6.227768314680256,0.0,8.105806349175111,0.0,0.6391469607238599,0.0,1.640803853531017,0.0,0.9560376227813936,0.0,""
"2023-02-22 12:42:31","git-master-aef83eb1482ea9360065ac8d8913aaf18edd4ce8","sub-ucl03/anat/sub-ucl03_T2w_seg.nii.gz","656","9","",39.939392257310594,0.0,-1.4083524349030523,0.0,28.087921830179827,0.0,6.343917821805708,0.0,8.0495643914732,0.0,0.6149351493518999,0.0,2.7613257373154454,0.0,0.9498969799142623,0.0,""
"2023-02-22 12:42:31","git-master-aef83eb1482ea9360065ac8d8913aaf18edd4ce8","sub-ucl03/anat/sub-ucl03_T2w_seg.nii.gz","657","9","",39.896716836151434,0.0,-1.4206487419546834,0.0,28.115179603358605,0.0,6.391904809437264,0.0,7.9503046104369055,0.0,0.5937767774204467,0.0,4.730524689041302,0.0,0.9564771125347206,0.0,""
"2023-02-22 12:42:31","git-master-aef83eb1482ea9360065ac8d8913aaf18edd4ce8","sub-ucl03/anat/sub-ucl03_T2w_seg.nii.gz","658","9","",39.65796035451051,0.0,-1.4328553758967917,0.0,28.14152690481337,0.0,6.384812239761729,0.0,7.887116058581386,0.0,0.5864950845052703,0.0,5.550818112753376,0.0,0.9598201603290933,0.0,""
"2023-02-22 12:42:31","git-master-aef83eb1482ea9360065ac8d8913aaf18edd4ce8","sub-ucl03/anat/sub-ucl03_T2w_seg.nii.gz","659","9","",38.92900122166516,0.0,-1.4448378270650934,0.0,28.16559802695812,0.0,6.240020776818463,0.0,7.914105579677803,0.0,0.6139050891307861,0.0,3.498847716431004,0.0,0.9550704960582523,0.0,""
"2023-02-22 12:42:31","git-master-aef83eb1482ea9360065ac8d8913aaf18edd4ce8","sub-ucl03/anat/sub-ucl03_T2w_seg.nii.gz","660","9","",38.49506434971257,0.0,-1.4567754440243776,0.0,28.189215217191904,0.0,6.13473386902791,0.0,7.953037971351505,0.0,0.6363967934227072,0.0,1.811686895506368,0.0,0.9522360202433802,0.0,""
"2023-02-22 12:42:31","git-master-aef83eb1482ea9360065ac8d8913aaf18edd4ce8","sub-ucl03/anat/sub-ucl03_T2w_seg.nii.gz","661","9","",39.83126104311654,0.0,-1.4684440557295566,0.0,28.210108815959938,0.0,6.266474292153627,0.0,8.06362758648892,0.0,0.6293786957130594,0.0,2.313383526968161,0.0,0.9608926751643211,0.0,""
"2023-02-22 12:42:31","git-master-aef83eb1482ea9360065ac8d8913aaf18edd4ce8","sub-ucl03/anat/sub-ucl03_T2w_seg.nii.gz","662","9","",41.16745773652051,0.0,-1.4801126674347354,0.0,28.231002414727975,0.0,6.3982147152793445,0.0,8.174217201626334,0.0,0.6223605980034116,0.0,2.8150801584299536,0.0,0.9695493300852619,0.0,""
"2023-02-22 12:42:31","git-master-aef83eb1482ea9360065ac8d8913aaf18edd4ce8","sub-ucl03/anat/sub-ucl03_T2w_seg.nii.gz","663","9","",40.92411863050106,0.0,-1.4914674562719665,0.0,28.248726423016368,0.0,6.364341026683588,0.0,8.188332961939398,0.0,0.629116674799047,0.0,3.906243460214597,0.0,0.9603840643576839,0.0,""
"2023-02-22 12:42:31","git-master-aef83eb1482ea9360065ac8d8913aaf18edd4ce8","sub-ucl03/anat/sub-ucl03_T2w_seg.nii.gz","664","9","",40.680779524481615,0.0,-1.5028222451091977,0.0,28.266450431304758,0.0,6.330467338087831,0.0,8.202448722252463,0.0,0.6358727515946823,0.0,4.99740676199924,0.0,0.9512187986301057,0.0,""
"2023-02-22 12:42:31","git-master-aef83eb1482ea9360065ac8d8913aaf18edd4ce8","sub-ucl03/anat/sub-ucl03_T2w_seg.nii.gz","665","9","",40.43804454948884,0.0,-1.5139080572498562,0.0,28.281463422150868,0.0,6.348027206531687,0.0,8.12202915357565,0.0,0.6232373474159791,0.0,4.175130148960392,0.0,0.9631188834557755,0.0,""
"2023-02-22 12:42:31","git-master-aef83eb1482ea9360065ac8d8913aaf18edd4ce8","sub-ucl03/anat/sub-ucl03_T2w_seg.nii.gz","666","9","",40.195410263000525,0.0,-1.5249490399410859,0.0,28.296024576756597,0.0,6.374159334482145,0.0,8.025853696733854,0.0,0.607370029741553,0.0,3.033946883450963,0.0,0.9785298600403198,0.0,""
"2023-02-22 12:42:31","git-master-aef83eb1482ea9360065ac8d8913aaf18edd4ce8","sub-ucl03/anat/sub-ucl03_T2w_seg.nii.gz","667","9","",40.49104741827086,0.0,-1.535765887386472,0.0,28.308330507029773,0.0,6.397655155416864,0.0,8.03553205927409,0.0,0.6050396679293728,0.0,3.669848495832942,0.0,0.9729404534426045,0.0,""
"2023-02-22 12:42:31","git-master-aef83eb1482ea9360065ac8d8913aaf18edd4ce8","sub-ucl03/anat/sub-ucl03_T2w_seg.nii.gz","668","9","",41.001993150244665,0.0,-1.5464930807335204,0.0,28.319734347569927,0.0,6.420096453545286,0.0,8.087551949567136,0.0,0.6081240884620911,0.0,5.016584059371481,0.0,0.9589508935719852,0.0,""
"2023-02-22 12:42:31","git-master-aef83eb1482ea9360065ac8d8913aaf18edd4ce8","sub-ucl03/anat/sub-ucl03_T2w_seg.nii.gz","669","9","",41.53679019180638,0.0,-1.5570409755045278,0.0,28.32933648955202,0.0,6.388185311434246,0.0,8.212782654383814,0.0,0.6267353480346741,0.0,4.141344167377176,0.0,0.960830715857726,0.0,""
"2023-02-22 12:42:31","git-master-aef83eb1482ea9360065ac8d8913aaf18edd4ce8","sub-ucl03/anat/sub-ucl03_T2w_seg.nii.gz","670","9","",42.08947571555905,0.0,-1.5674543963435041,0.0,28.337587357615565,0.0,6.315509839143609,0.0,8.392921470093214,0.0,0.6569917368871555,0.0,1.5996226837332492,0.0,0.9746125747607366,0.0,""
"2023-02-22 12:42:31","git-master-aef83eb1482ea9360065ac8d8913aaf18edd4ce8","sub-ucl03/anat/sub-ucl03_T2w_seg.nii.gz","671","9","",42.276962565411964,0.0,-1.5777333504616404,0.0,28.344488298726706,0.0,6.208026003555975,0.0,8.562655891287221,0.0,0.68731803265066,0.0,1.0766835135107562,0.0,0.9812255244806838,0.0,""
"2023-02-22 12:42:31","git-master-aef83eb1482ea9360065ac8d8913aaf18edd4ce8","sub-ucl03/anat/sub-ucl03_T2w_seg.nii.gz","672","9","",41.97751785006523,0.0,-1.587833015618657,0.0,28.349589337234644,0.0,6.054131016905679,0.0,8.718517786460707,0.0,0.7177375376288617,0.0,3.2454540945168198,0.0,0.978279928623213,0.0,""
"2023-02-22 12:42:31","git-master-aef83eb1482ea9360065ac8d8913aaf18edd4ce8","sub-ucl03/anat/sub-ucl03_T2w_seg.nii.gz","673","9","",41.910220568023846,0.0,-1.5978430410874391,0.0,28.353790979813386,0.0,5.976625902559592,0.0,8.825898689559539,0.0,0.7356838130402193,0.0,4.773000899807747,0.0,0.9735553725885988,0.0,""
"2023-02-22 12:42:31","git-master-aef83eb1482ea9360065ac8d8913aaf18edd4ce8","sub-ucl03/anat/sub-ucl03_T2w_seg.nii.gz","674","9","",42.423291869245816,0.0,-1.6076289673356354,0.0,28.355744132569143,0.0,6.0900954689740345,0.0,8.812077112471735,0.0,0.7224470145344664,0.0,4.697488265810827,0.0,0.9643834161111259,0.0,""
"2023-02-22 12:42:31","git-master-aef83eb1482ea9360065ac8d8913aaf18edd4ce8","sub-ucl03/anat/sub-ucl03_T2w_seg.nii.gz","675","9","",42.80925555904536,0.0,-1.617370076122356,0.0,28.357247693705094,0.0,6.1999185587192125,0.0,8.77723939294924,0.0,0.7074819638633278,0.0,4.6616024710348425,0.0,0.9560635373179921,0.0,""
"2023-02-22 12:42:31","git-master-aef83eb1482ea9360065ac8d8913aaf18edd4ce8","sub-ucl03/anat/sub-ucl03_T2w_seg.nii.gz","676","9","",42.43257358031035,0.0,-1.626842280140223,0.0,28.356053705122207,0.0,6.287862788448812,0.0,8.616304818818579,0.0,0.6821474001998767,0.0,4.863477711584481,0.0,0.952856124630893,0.0,""
"2023-02-22 12:42:31","git-master-aef83eb1482ea9360065ac8d8913aaf18edd4ce8","sub-ucl03/anat/sub-ucl03_T2w_seg.nii.gz","677","9","",42.055891601575325,0.0,-1.6363144841580897,0.0,28.354859716539316,0.0,6.375807018178411,0.0,8.455370244687916,0.0,0.6568128365364255,0.0,5.065352952134119,0.0,0.949648711943794,0.0,""
"2023-02-22 12:42:31","git-master-aef83eb1482ea9360065ac8d8913aaf18edd4ce8","sub-ucl03/anat/sub-ucl03_T2w_seg.nii.gz","678","9","",42.32115218572177,0.0,-1.6454729824890997,0.0,28.350518131538262,0.0,6.2965438765502855,0.0,8.546138493958201,0.0,0.6753792120824923,0.0,4.9466493845564266,0.0,0.9579406084553316,0.0,""
"2023-02-22 12:42:31","git-master-aef83eb1482ea9360065ac8d8913aaf18edd4ce8","sub-ucl03/anat/sub-ucl03_T2w_seg.nii.gz","679","9","",42.58641276986821,0.0,-1.65463148082011,0.0,28.34617654653721,0.0,6.21728073492216,0.0,8.636906743228487,0.0,0.693945587628559,0.0,4.827945816978733,0.0,0.9662325049668691,0.0,""
"2023-02-22 12:42:31","git-master-aef83eb1482ea9360065ac8d8913aaf18edd4ce8","sub-ucl03/anat/sub-ucl03_T2w_seg.nii.gz","680","9","",41.254937647469724,0.0,-1.6635211025932872,0.0,28.339135603598095,0.0,6.100604065483523,0.0,8.513858850085636,0.0,0.6975574868984535,0.0,3.25959532892725,0.0,0.9653026118063626,0.0,""
"2023-02-22 12:42:31","git-master-aef83eb1482ea9360065ac8d8913aaf18edd4ce8","sub-ucl03/anat/sub-ucl03_T2w_seg.nii.gz","681","9","",39.657339907313755,0.0,-1.672365911606826,0.0,28.3316447676693,0.0,5.977691808076468,0.0,8.355174933207266,0.0,0.6986769734556528,0.0,1.4496370207968083,0.0,0.9628357537005153,0.0,""
"2023-02-22 12:42:31","git-master-aef83eb1482ea9360065ac8d8913aaf18edd4ce8","sub-ucl03/anat/sub-ucl03_T2w_seg.nii.gz","682","9","",39.953092209437166,0.0,-1.6809866683632662,0.0,28.321902428428775,0.0,6.067873686324162,0.0,8.305091635615465,0.0,0.681988248229921,0.0,2.6957550604541836,0.0,0.9646406894574822,0.0,""
"2023-02-22 12:42:31","git-master-aef83eb1482ea9360065ac8d8913aaf18edd4ce8","sub-ucl03/anat/sub-ucl03_T2w_seg.nii.gz","683","9","",41.006184528472325,0.0,-1.6895178042168668,0.0,28.311259487863556,0.0,6.243293218833754,0.0,8.298448585738294,0.0,0.6581762382910166,0.0,5.164303639226678,0.0,0.9681543427595747,0.0,""
"2023-02-22 12:42:31","git-master-aef83eb1482ea9360065ac8d8913aaf18edd4ce8","sub-ucl03/anat/sub-ucl03_T2w_seg.nii.gz","684","9","",42.23259434319564,0.0,-1.69786970735577,0.0,28.298813028933573,0.0,6.3903916741347295,0.0,8.377043827761105,0.0,0.646610715662546,0.0,7.69470122781601,0.0,0.966571379212411,0.0,""
"2023-02-22 12:42:31","git-master-aef83eb1482ea9360065ac8d8913aaf18edd4ce8","sub-ucl03/anat/sub-ucl03_T2w_seg.nii.gz","685","9","",43.588992279685094,0.0,-1.7060871859586502,0.0,28.28501393123002,0.0,6.516249321529243,0.0,8.519567788708905,0.0,0.6442300585169008,0.0,10.27148557376797,0.0,0.9611659530283049,0.0,""
"2023-02-22 12:42:31","git-master-aef83eb1482ea9360065ac8d8913aaf18edd4ce8","sub-ucl03/anat/sub-ucl03_T2w_seg.nii.gz","686","9","",43.68252204767928,0.0,-1.7141702467222506,0.0,28.26985994445173,0.0,6.535867158380077,0.0,8.516611011194591,0.0,0.6410492866457609,0.0,11.123229022479181,0.0,0.960085254290903,0.0,""
"2023-02-22 12:42:31","git-master-aef83eb1482ea9360065ac8d8913aaf18edd4ce8","sub-ucl03/anat/sub-ucl03_T2w_seg.nii.gz","687","9","",42.092227591013135,0.0,-1.722074083700145,0.0,28.25289943890714,0.0,6.413831914506006,0.0,8.319679915730793,0.0,0.6368016951406277,0.0,9.674917941536084,0.0,0.9647708588157733,0.0,""
"2023-02-22 12:42:31","git-master-aef83eb1482ea9360065ac8d8913aaf18edd4ce8","sub-ucl03/anat/sub-ucl03_T2w_seg.nii.gz","688","9","",41.19602446747554,0.0,-1.7298883131590128,0.0,28.23503383166299,0.0,6.3658257236987446,0.0,8.17705633681986,0.0,0.6272917556180073,0.0,7.687279768504831,0.0,0.9678276838975328,0.0,""
"2023-02-22 12:42:31","git-master-aef83eb1482ea9360065ac8d8913aaf18edd4ce8","sub-ucl03/anat/sub-ucl03_T2w_seg.nii.gz","689","9","",42.03504967675933,0.0,-1.7374785238203148,0.0,28.214905470169946,0.0,6.502892165558503,0.0,8.17020154929108,0.0,0.6046259460516686,0.0,4.351323865253186,0.0,0.966812560371516,0.0,""
"2023-02-22 12:42:31","git-master-aef83eb1482ea9360065ac8d8913aaf18edd4ce8","sub-ucl03/anat/sub-ucl03_T2w_seg.nii.gz","690","9","",42.71675115378829,0.0,-1.7450239328590293,0.0,28.194218910109896,0.0,6.605682905186505,0.0,8.176183422028126,0.0,0.5889470978363519,0.0,2.0591483360514657,0.0,0.9665353062377381,0.0,""
"2023-02-22 12:42:31","git-master-aef83eb1482ea9360065ac8d8913aaf18edd4ce8","sub-ucl03/anat/sub-ucl03_T2w_seg.nii.gz","691","9","",42.45451023728824,0.0,-1.7523005321622223,0.0,28.170183158647806,0.0,6.502819431423965,0.0,8.259185256360109,0.0,0.6151900177271663,0.0,6.029655051149135,0.0,0.9706852684573951,0.0,""
"2023-02-22 12:42:31","git-master-aef83eb1482ea9360065ac8d8913aaf18edd4ce8","sub-ucl03/anat/sub-ucl03_T2w_seg.nii.gz","692","9","",42.1922693207882,0.0,-1.7595771314654152,0.0,28.146147407185712,0.0,6.399955957661425,0.0,8.342187090692091,0.0,0.6414329376179808,0.0,10.000161766246803,0.0,0.9748352306770521,0.0,""
"2023-02-22 12:42:31","git-master-aef83eb1482ea9360065ac8d8913aaf18edd4ce8","sub-ucl03/anat/sub-ucl03_T2w_seg.nii.gz","693","8","",41.45015662108914,0.0,-1.7744978511562568,0.0,28.084675049242556,0.0,6.139582376133913,0.0,8.542118227827796,0.0,0.6952769847603518,0.0,9.01838965944044,0.0,0.9499105545617174,0.0,""
"2023-02-22 12:42:31","git-master-aef83eb1482ea9360065ac8d8913aaf18edd4ce8","sub-ucl03/anat/sub-ucl03_T2w_seg.nii.gz","694","8","",42.131674764730555,0.0,-1.7816222296288564,0.0,28.048938245380562,0.0,6.307710446409912,0.0,8.48638928821115,0.0,0.6677860894673651,0.0,7.749723281967505,0.0,0.9611317478690939,0.0,""
"2023-02-22 12:42:31","git-master-aef83eb1482ea9360065ac8d8913aaf18edd4ce8","sub-ucl03/anat/sub-ucl03_T2w_seg.nii.gz","695","8","",42.81319290837197,0.0,-1.7887466081014558,0.0,28.01320144151857,0.0,6.47583851668591,0.0,8.430660348594506,0.0,0.6402951941743784,0.0,6.48105690449457,0.0,0.9723529411764706,0.0,""
"2023-02-22 12:42:31","git-master-aef83eb1482ea9360065ac8d8913aaf18edd4ce8","sub-ucl03/anat/sub-ucl03_T2w_seg.nii.gz","696","8","",43.095702159292365,0.0,-1.7955350199080418,0.0,27.972444239730606,0.0,6.4956487643507135,0.0,8.458317732075933,0.0,0.6404978362025635,0.0,6.702114265038898,0.0,0.9666474642700273,0.0,""
"2023-02-22 12:42:31","git-master-aef83eb1482ea9360065ac8d8913aaf18edd4ce8","sub-ucl03/anat/sub-ucl03_T2w_seg.nii.gz","697","8","",43.378211410212764,0.0,-1.8023234317146277,0.0,27.931687037942638,0.0,6.5154590120155165,0.0,8.485975115557363,0.0,0.6407004782307485,0.0,6.923171625583227,0.0,0.9609419873635842,0.0,""
"2023-02-22 12:42:31","git-master-aef83eb1482ea9360065ac8d8913aaf18edd4ce8","sub-ucl03/anat/sub-ucl03_T2w_seg.nii.gz","698","8","",42.206365372173224,0.0,-1.8087758910614484,0.0,27.885886934621674,0.0,6.425010121780122,0.0,8.374629342891613,0.0,0.6414182142142182,0.0,9.10791522777715,0.0,0.9577849682734436,0.0,""
"2023-02-22 12:42:31","git-master-aef83eb1482ea9360065ac8d8913aaf18edd4ce8","sub-ucl03/anat/sub-ucl03_T2w_seg.nii.gz","699","8","",41.034519334133684,0.0,-1.815228350408269,0.0,27.840086831300713,0.0,6.334561231544729,0.0,8.26328357022586,0.0,0.6421359501976879,0.0,11.292658829971074,0.0,0.9546279491833031,0.0,""
"2023-02-22 12:42:31","git-master-aef83eb1482ea9360065ac8d8913aaf18edd4ce8","sub-ucl03/anat/sub-ucl03_T2w_seg.nii.gz","700","8","",42.19864875361252,0.0,-1.821344870973074,0.0,27.789218599284006,0.0,6.37689236101966,0.0,8.417443412844824,0.0,0.6524130791329448,0.0,7.846855771233327,0.0,0.9673782644806054,0.0,""
"2023-02-22 12:42:31","git-master-aef83eb1482ea9360065ac8d8913aaf18edd4ce8","sub-ucl03/anat/sub-ucl03_T2w_seg.nii.gz","701","8","",43.36277817309136,0.0,-1.8274613915378792,0.0,27.738350367267294,0.0,6.419223490494592,0.0,8.571603255463787,0.0,0.6626902080682017,0.0,4.401052712495579,0.0,0.9801285797779077,0.0,""
"2023-02-22 12:42:31","git-master-aef83eb1482ea9360065ac8d8913aaf18edd4ce8","sub-ucl03/anat/sub-ucl03_T2w_seg.nii.gz","702","8","",44.58913897236744,0.0,-1.8332419864433627,0.0,27.68238606438844,0.0,6.571627934876938,0.0,8.61154446822292,0.0,0.6459652777832428,0.0,9.563211261888469,0.0,0.97711663148675,0.0,""
"2023-02-22 12:42:31","git-master-aef83eb1482ea9360065ac8d8913aaf18edd4ce8","sub-ucl03/anat/sub-ucl03_T2w_seg.nii.gz","703","8","",45.81549977164351,0.0,-1.839022581348846,0.0,27.626421761509583,0.0,6.724032379259283,0.0,8.651485680982052,0.0,0.6292403474982838,0.0,14.725369811281361,0.0,0.9741046831955923,0.0,""
"2023-02-22 12:42:31","git-master-aef83eb1482ea9360065ac8d8913aaf18edd4ce8","sub-ucl03/anat/sub-ucl03_T2w_seg.nii.gz","704","8","",45.0195121317079,0.0,-1.8444672631374814,0.0,27.56533074093047,0.0,6.615972394113426,0.0,8.635045667086874,0.0,0.6424250623197407,0.0,11.83529410448209,0.0,0.9772822266552674,0.0,""
"2023-02-22 12:42:31","git-master-aef83eb1482ea9360065ac8d8913aaf18edd4ce8","sub-ucl03/anat/sub-ucl03_T2w_seg.nii.gz","705","8","",44.22352449177229,0.0,-1.8499119449261168,0.0,27.50423972035136,0.0,6.507912408967569,0.0,8.618605653191695,0.0,0.6556097771411975,0.0,8.945218397682819,0.0,0.9804597701149426,0.0,""
"2023-02-22 12:42:31","git-master-aef83eb1482ea9360065ac8d8913aaf18edd4ce8","sub-ucl03/anat/sub-ucl03_T2w_seg.nii.gz","706","8","",44.275563968558494,0.0,-1.855020725536375,0.0,27.4379886429485,0.0,6.558941598614494,0.0,8.584819202953563,0.0,0.6450066141200586,0.0,7.28055386371127,0.0,0.9618395873727965,0.0,""
"2023-02-22 12:42:31","git-master-aef83eb1482ea9360065ac8d8913aaf18edd4ce8","sub-ucl03/anat/sub-ucl03_T2w_seg.nii.gz","707","8","",44.3276034453447,0.0,-1.8601295061466334,0.0,27.37173756554564,0.0,6.609970788261419,0.0,8.55103275271543,0.0,0.6344034510989196,0.0,5.615889329739721,0.0,0.9432194046306505,0.0,""
"2023-02-22 12:42:31","git-master-aef83eb1482ea9360065ac8d8913aaf18edd4ce8","sub-ucl03/anat/sub-ucl03_T2w_seg.nii.gz","708","8","",44.99995161265508,0.0,-1.8649023968905862,0.0,27.300290414658228,0.0,6.571905718010674,0.0,8.706102536834365,0.0,0.6549540438011919,0.0,3.6574769147820487,0.0,0.9586549062844543,0.0,""
"2023-02-22 12:42:31","git-master-aef83eb1482ea9360065ac8d8913aaf18edd4ce8","sub-ucl03/anat/sub-ucl03_T2w_seg.nii.gz","709","8","",45.67229977996547,0.0,-1.869675287634539,0.0,27.228843263770813,0.0,6.533840647759929,0.0,8.861172320953298,0.0,0.6755046365034643,0.0,1.6990644998243767,0.0,0.974090407938258,0.0,""
"2023-02-22 12:42:31","git-master-aef83eb1482ea9360065ac8d8913aaf18edd4ce8","sub-ucl03/anat/sub-ucl03_T2w_seg.nii.gz","710","8","",44.86484149582298,0.0,-1.8741122991768493,0.0,27.15216136265156,0.0,6.363069353918673,0.0,8.97442297080898,0.0,0.7037103324954448,0.0,2.7385252104291844,0.0,0.965720849311441,0.0,""
"2023-02-22 12:42:31","git-master-aef83eb1482ea9360065ac8d8913aaf18edd4ce8","sub-ucl03/anat/sub-ucl03_T2w_seg.nii.gz","711","8","",44.05738321168049,0.0,-1.8785493107191598,0.0,27.075479461532307,0.0,6.192298060077419,0.0,9.087673620664665,0.0,0.7319160284874253,0.0,3.7779859210339914,0.0,0.957351290684624,0.0,""
"2023-02-22 12:42:31","git-master-aef83eb1482ea9360065ac8d8913aaf18edd4ce8","sub-ucl03/anat/sub-ucl03_T2w_seg.nii.gz","712","8","",44.653771704783175,0.0,-1.8826504530574546,0.0,26.993521493878063,0.0,6.2972266902651315,0.0,9.039684600516205,0.0,0.7170441504433005,0.0,5.574206983177257,0.0,0.9656055674780184,0.0,""
"2023-02-22 12:42:31","git-master-aef83eb1482ea9360065ac8d8913aaf18edd4ce8","sub-ucl03/anat/sub-ucl03_T2w_seg.nii.gz","713","8","",45.25016019788586,0.0,-1.8867515953957492,0.0,26.911563526223816,0.0,6.402155320452844,0.0,8.991695580367745,0.0,0.7021722723991757,0.0,7.370428045320524,0.0,0.9738598442714127,0.0,""
"2023-02-22 12:42:31","git-master-aef83eb1482ea9360065ac8d8913aaf18edd4ce8","sub-ucl03/anat/sub-ucl03_T2w_seg.nii.gz","714","8","",45.21564930450212,0.0,-1.890516877842376,0.0,26.824285560200153,0.0,6.431039253133258,0.0,8.968179372511582,0.0,0.6969234310726712,0.0,5.847251803220365,0.0,0.9647745610853782,0.0,""
"2023-02-22 12:42:31","git-master-aef83eb1482ea9360065ac8d8913aaf18edd4ce8","sub-ucl03/anat/sub-ucl03_T2w_seg.nii.gz","715","8","",45.18113841111838,0.0,-1.8942821602890025,0.0,26.737007594176486,0.0,6.459923185813671,0.0,8.94466316465542,0.0,0.6916745897461667,0.0,4.324075561120207,0.0,0.9556892778993435,0.0,""
"2023-02-22 12:42:31","git-master-aef83eb1482ea9360065ac8d8913aaf18edd4ce8","sub-ucl03/anat/sub-ucl03_T2w_seg.nii.gz","716","8","",44.48943915696489,0.0,-1.8977115914541693,0.0,26.644363110389495,0.0,6.34175407765068,0.0,8.911881148704284,0.0,0.7024548851500809,0.0,3.7364620730081066,0.0,0.9554142016981102,0.0,""
"2023-02-22 12:42:31","git-master-aef83eb1482ea9360065ac8d8913aaf18edd4ce8","sub-ucl03/anat/sub-ucl03_T2w_seg.nii.gz","717","8","",43.79773990281141,0.0,-1.901141022619336,0.0,26.551718626602504,0.0,6.223584969487691,0.0,8.879099132753147,0.0,0.713235180553995,0.0,3.1488485848960064,0.0,0.9551391254968767,0.0,""
"2023-02-22 12:42:31","git-master-aef83eb1482ea9360065ac8d8913aaf18edd4ce8","sub-ucl03/anat/sub-ucl03_T2w_seg.nii.gz","718","8","",44.129924943118844,0.0,-1.9042346103956342,0.0,26.453658550512152,0.0,6.275264445216699,0.0,8.891855397627749,0.0,0.7084541091765507,0.0,3.2304248272766367,0.0,0.9568063753185843,0.0,""
"2023-02-22 12:42:31","git-master-aef83eb1482ea9360065ac8d8913aaf18edd4ce8","sub-ucl03/anat/sub-ucl03_T2w_seg.nii.gz","719","8","",44.46210998342628,0.0,-1.9073281981719323,0.0,26.355598474421804,0.0,6.326943920945707,0.0,8.90461166250235,0.0,0.7036730377991064,0.0,3.312001069657267,0.0,0.9584736251402918,0.0,""
"2023-02-22 12:42:31","git-master-aef83eb1482ea9360065ac8d8913aaf18edd4ce8","sub-ucl03/anat/sub-ucl03_T2w_seg.nii.gz","720","8","",44.929278471658485,0.0,-1.91008594972024,0.0,26.252071213733608,0.0,6.416972207780797,0.0,8.850361604381202,0.0,0.6882728886784061,0.0,5.8747192246564035,0.0,0.9744100096172782,0.0,""
"2023-02-22 12:42:31","git-master-aef83eb1482ea9360065ac8d8913aaf18edd4ce8","sub-ucl03/anat/sub-ucl03_T2w_seg.nii.gz","721","8","",45.39644695989069,0.0,-1.9128437012685477,0.0,26.148543953045408,0.0,6.5070004946158875,0.0,8.796111546260054,0.0,0.6728727395577058,0.0,8.43743737965554,0.0,0.9903463940942646,0.0,""
"2023-02-22 12:42:31","git-master-aef83eb1482ea9360065ac8d8913aaf18edd4ce8","sub-ucl03/anat/sub-ucl03_T2w_seg.nii.gz","722","8","",45.52952777794558,0.0,-1.9152656230053182,0.0,26.039495440661877,0.0,6.541440575447604,0.0,8.849402816321813,0.0,0.6734870195941982,0.0,7.040088493433439,0.0,0.977344996074685,0.0,""
"2023-02-22 12:42:31","git-master-aef83eb1482ea9360065ac8d8913aaf18edd4ce8","sub-ucl03/anat/sub-ucl03_T2w_seg.nii.gz","723","8","",45.662608596000474,0.0,-1.9176875447420885,0.0,25.930446928278347,0.0,6.5758806562793195,0.0,8.902694086383573,0.0,0.6741012996306908,0.0,5.642739607211337,0.0,0.9643435980551054,0.0,""
"2023-02-22 12:42:31","git-master-aef83eb1482ea9360065ac8d8913aaf18edd4ce8","sub-ucl03/anat/sub-ucl03_T2w_seg.nii.gz","724","8","",46.54547820608011,0.0,-1.9197736423280132,0.0,25.815820671437894,0.0,6.59612620536052,0.0,9.017104837506025,0.0,0.6816544196072605,0.0,5.392535458730501,0.0,0.9651203824483292,0.0,""
"2023-02-22 12:42:31","git-master-aef83eb1482ea9360065ac8d8913aaf18edd4ce8","sub-ucl03/anat/sub-ucl03_T2w_seg.nii.gz","725","8","",47.42834781615975,0.0,-1.9218597399139379,0.0,25.701194414597442,0.0,6.616371754441719,0.0,9.131515588628478,0.0,0.6892075395838301,0.0,5.142331310249665,0.0,0.965897166841553,0.0,""
"2023-02-22 12:42:31","git-master-aef83eb1482ea9360065ac8d8913aaf18edd4ce8","sub-ucl03/anat/sub-ucl03_T2w_seg.nii.gz","726","8","",45.649665372634864,0.0,-1.9236100182440001,0.0,25.58093155087623,0.0,6.497293556356285,0.0,8.911314894256385,0.0,0.6842448179013432,0.0,2.7342258282438743,0.0,0.9635974166592511,0.0,""
"2023-02-22 12:42:31","git-master-aef83eb1482ea9360065ac8d8913aaf18edd4ce8","sub-ucl03/anat/sub-ucl03_T2w_seg.nii.gz","727","8","",43.87098292910998,0.0,-1.9253602965740624,0.0,25.46066868715502,0.0,6.378215358270851,0.0,8.691114199884291,0.0,0.6792820962188562,0.0,0.326120346238084,0.0,0.9612976664769494,0.0,""
"2023-02-22 12:42:31","git-master-aef83eb1482ea9360065ac8d8913aaf18edd4ce8","sub-ucl03/anat/sub-ucl03_T2w_seg.nii.gz","728","8","",44.59216117278534,0.0,-1.926774759768962,0.0,25.33470804805674,0.0,6.383152069382291,0.0,8.806082958317521,0.0,0.6886560345329338,0.0,4.1146522921427975,0.0,0.9641591742110851,0.0,""
"2023-02-22 12:42:31","git-master-aef83eb1482ea9360065ac8d8913aaf18edd4ce8","sub-ucl03/anat/sub-ucl03_T2w_seg.nii.gz","729","8","",45.31333941646071,0.0,-1.9281892229638613,0.0,25.208747408958462,0.0,6.388088780493731,0.0,8.921051716750753,0.0,0.6980299728470114,0.0,7.903184238047511,0.0,0.9670206819452208,0.0,""
"2023-02-22 12:42:31","git-master-aef83eb1482ea9360065ac8d8913aaf18edd4ce8","sub-ucl03/anat/sub-ucl03_T2w_seg.nii.gz","730","8","",44.74845724144778,0.0,-1.9292678743628235,0.0,25.077025591867766,0.0,6.374340323493084,0.0,8.92387664246003,0.0,0.6998332534652678,0.0,6.353932948289984,0.0,0.9749143524339285,0.0,""
"2023-02-22 12:42:31","git-master-aef83eb1482ea9360065ac8d8913aaf18edd4ce8","sub-ucl03/anat/sub-ucl03_T2w_seg.nii.gz","731","8","",44.18357506643485,0.0,-1.9303465257617858,0.0,24.945303774777067,0.0,6.360591866492437,0.0,8.926701568169308,0.0,0.7016365340835241,0.0,4.8046816585324565,0.0,0.9828080229226361,0.0,""
"2023-02-22 12:42:31","git-master-aef83eb1482ea9360065ac8d8913aaf18edd4ce8","sub-ucl03/anat/sub-ucl03_T2w_seg.nii.gz","732","8","",45.173041245195286,0.0,-1.9310893679167518,0.0,24.807755224104074,0.0,6.467092283312262,0.0,8.932206856166932,0.0,0.6895866399647245,0.0,6.246034752132644,0.0,0.9775453158091442,0.0,""
"2023-02-22 12:42:31","git-master-aef83eb1482ea9360065ac8d8913aaf18edd4ce8","sub-ucl03/anat/sub-ucl03_T2w_seg.nii.gz","733","8","",46.162507423955724,0.0,-1.9318322100717178,0.0,24.670206673431082,0.0,6.573592700132085,0.0,8.937712144164555,0.0,0.6775367458459248,0.0,7.6873878457328315,0.0,0.9722826086956522,0.0,""
"2023-02-22 12:42:31","git-master-aef83eb1482ea9360065ac8d8913aaf18edd4ce8","sub-ucl03/anat/sub-ucl03_T2w_seg.nii.gz","734","8","",44.38468576724668,0.0,-1.9322392447429138,0.0,24.526763771827007,0.0,6.272684035232565,0.0,8.968051697144087,0.0,0.7127905307410116,0.0,5.289565697837402,0.0,0.9777227836021857,0.0,""
"2023-02-22 12:42:31","git-master-aef83eb1482ea9360065ac8d8913aaf18edd4ce8","sub-ucl03/anat/sub-ucl03_T2w_seg.nii.gz","735","8","",42.60686411053764,0.0,-1.9326462794141097,0.0,24.383320870222928,0.0,5.971775370333046,0.0,8.998391250123621,0.0,0.7480443156360983,0.0,2.891743549941972,0.0,0.9831629585087192,0.0,""
"2023-02-22 12:42:31","git-master-aef83eb1482ea9360065ac8d8913aaf18edd4ce8","sub-ucl03/anat/sub-ucl03_T2w_seg.nii.gz","736","7","",44.55547218774006,0.0,-1.9327887357198743,0.0,24.08450721137571,0.0,6.276381725801029,0.0,8.893403163828784,0.0,0.7084768431839087,0.0,5.312194283534567,0.0,0.9586167800453514,0.0,""
"2023-02-22 12:42:31","git-master-aef83eb1482ea9360065ac8d8913aaf18edd4ce8","sub-ucl03/anat/sub-ucl03_T2w_seg.nii.gz","737","7","",43.9954286921127,0.0,-1.932516140002358,0.0,23.92435466283805,0.0,6.225261912010666,0.0,8.921874005756633,0.0,0.7162347268403292,0.0,4.1574328850596,0.0,0.9685409046792716,0.0,""
"2023-02-22 12:42:31","git-master-aef83eb1482ea9360065ac8d8913aaf18edd4ce8","sub-ucl03/anat/sub-ucl03_T2w_seg.nii.gz","738","7","",43.56568739522257,0.0,-1.9322231923468411,0.0,23.7638319027636,0.0,6.187958418689368,0.0,8.956251602038314,0.0,0.7229415286409109,0.0,3.2536676131384388,0.0,0.9764680916986718,0.0,""
"2023-02-22 12:42:31","git-master-aef83eb1482ea9360065ac8d8913aaf18edd4ce8","sub-ucl03/anat/sub-ucl03_T2w_seg.nii.gz","739","7","",45.22078127812825,0.0,-1.9316046136833147,0.0,23.5973857581005,0.0,6.371716052873119,0.0,9.085137267981315,0.0,0.7128310207480719,0.0,6.365840366078187,0.0,0.9524442768857534,0.0,""
"2023-02-22 12:42:31","git-master-aef83eb1482ea9360065ac8d8913aaf18edd4ce8","sub-ucl03/anat/sub-ucl03_T2w_seg.nii.gz","740","7","",46.434887333247794,0.0,-1.9309453309712585,0.0,23.430190133749328,0.0,6.502689126587796,0.0,9.176701848710431,0.0,0.705602978696843,0.0,8.877634723217648,0.0,0.9346390180461807,0.0,""
"2023-02-22 12:42:31","git-master-aef83eb1482ea9360065ac8d8913aaf18edd4ce8","sub-ucl03/anat/sub-ucl03_T2w_seg.nii.gz","741","7","",44.34158467997134,0.0,-1.9299807678952283,0.0,23.25737341173759,0.0,6.237777996784421,0.0,8.9883582903354,0.0,0.71999343045769,0.0,6.886591111854965,0.0,0.9634729290066999,0.0,""
"2023-02-22 12:42:31","git-master-aef83eb1482ea9360065ac8d8913aaf18edd4ce8","sub-ucl03/anat/sub-ucl03_T2w_seg.nii.gz","742","7","",42.70598697433816,0.0,-1.9289551483433967,0.0,23.083418627061025,0.0,6.035308015284091,0.0,8.839250991829935,0.0,0.7306059194074692,0.0,5.453433059034774,0.0,0.98393578289199,0.0,""
"2023-02-22 12:42:31","git-master-aef83eb1482ea9360065ac8d8913aaf18edd4ce8","sub-ucl03/anat/sub-ucl03_T2w_seg.nii.gz","743","7","",43.20634569104025,0.0,-1.9276445985711568,0.0,22.904152883281913,0.0,6.124230059197975,0.0,8.873246239382441,0.0,0.7235879152389316,0.0,6.623740946079543,0.0,0.965333703759544,0.0,""
"2023-02-22 12:42:31","git-master-aef83eb1482ea9360065ac8d8913aaf18edd4ce8","sub-ucl03/anat/sub-ucl03_T2w_seg.nii.gz","744","7","",43.65284495227032,0.0,-1.9262526394358184,0.0,22.723350962767714,0.0,6.182461497029258,0.0,8.950100661294316,0.0,0.7226672795214519,0.0,6.9310246425163795,0.0,0.9530462415156763,0.0,""
"2023-02-22 12:42:31","git-master-aef83eb1482ea9360065ac8d8913aaf18edd4ce8","sub-ucl03/anat/sub-ucl03_T2w_seg.nii.gz","745","7","",43.92430098321631,0.0,-1.9245960998704092,0.0,22.53755646786447,0.0,6.140948465092086,0.0,9.166247399874148,0.0,0.7415630912699103,0.0,4.43347971947743,0.0,0.9612812841596878,0.0,""
"2023-02-22 12:42:31","git-master-aef83eb1482ea9360065ac8d8913aaf18edd4ce8","sub-ucl03/anat/sub-ucl03_T2w_seg.nii.gz","746","7","",44.30623288922401,0.0,-1.9228377974526483,0.0,22.349817982082428,0.0,6.067585217356924,0.0,9.3979359627965,0.0,0.7626907871647511,0.0,2.7664408903862636,0.0,0.9676586567582416,0.0,""
"2023-02-22 12:42:31","git-master-aef83eb1482ea9360065ac8d8913aaf18edd4ce8","sub-ucl03/anat/sub-ucl03_T2w_seg.nii.gz","747","7","",44.95330689537983,0.0,-1.920835264189242,0.0,22.157413918191274,0.0,5.91778145170659,0.0,9.666924904140899,0.0,0.7891750050109099,0.0,3.0926166867697713,0.0,0.9695776212476962,0.0,""
"2023-02-22 12:42:31","git-master-aef83eb1482ea9360065ac8d8913aaf18edd4ce8","sub-ucl03/anat/sub-ucl03_T2w_seg.nii.gz","748","7","",45.397463259051264,0.0,-1.918710613842111,0.0,21.964394990187003,0.0,5.861764263573359,0.0,9.777628826031199,0.0,0.7998807901685425,0.0,3.1828928729024626,0.0,0.9709676397915856,0.0,""
"2023-02-22 12:42:31","git-master-aef83eb1482ea9360065ac8d8913aaf18edd4ce8","sub-ucl03/anat/sub-ucl03_T2w_seg.nii.gz","749","7","",45.46960394483466,0.0,-1.9163620821748175,0.0,21.77024881130869,0.0,5.977689134221479,0.0,9.598143545588982,0.0,0.7816594487305439,0.0,2.8406864402419916,0.0,0.9713879241019385,0.0,""
"2023-02-22 12:42:31","git-master-aef83eb1482ea9360065ac8d8913aaf18edd4ce8","sub-ucl03/anat/sub-ucl03_T2w_seg.nii.gz","750","7","",45.795513809815155,0.0,-1.9138710783123307,0.0,21.57743246270106,0.0,6.037629307781028,0.0,9.622172952442241,0.0,0.7779675655993241,0.0,2.3540435079545885,0.0,0.9683716334647926,0.0,""
"2023-02-22 12:42:31","git-master-aef83eb1482ea9360065ac8d8913aaf18edd4ce8","sub-ucl03/anat/sub-ucl03_T2w_seg.nii.gz","751","7","",46.483951073648655,0.0,-1.9111765427424254,0.0,21.386515871622994,0.0,6.017591342642617,0.0,9.936937626860466,0.0,0.795032051477788,0.0,1.6610627190572833,0.0,0.9604459500455051,0.0,""
"2023-02-22 12:42:31","git-master-aef83eb1482ea9360065ac8d8913aaf18edd4ce8","sub-ucl03/anat/sub-ucl03_T2w_seg.nii.gz","752","7","",46.58855771106359,0.0,-1.9083191788503928,0.0,21.19715355700371,0.0,5.905833178288749,0.0,10.172947624329877,0.0,0.813490390025154,0.0,1.501404265820699,0.0,0.9589799425977841,0.0,""
"2023-02-22 12:42:31","git-master-aef83eb1482ea9360065ac8d8913aaf18edd4ce8","sub-ucl03/anat/sub-ucl03_T2w_seg.nii.gz","753","7","",46.03635489375764,0.0,-1.9052786330959675,0.0,21.009539803400568,0.0,5.690889789817494,0.0,10.320358610231878,0.0,0.8335168128250349,0.0,1.9417334402024253,0.0,0.964781070618075,0.0,""
"2023-02-22 12:42:31","git-master-aef83eb1482ea9360065ac8d8913aaf18edd4ce8","sub-ucl03/anat/sub-ucl03_T2w_seg.nii.gz","754","7","",45.647919702875484,0.0,-1.902054901744667,0.0,20.823712238738896,0.0,5.5241266286792445,0.0,10.447867973205588,0.0,0.848524108318171,0.0,1.8157972619084801,0.0,0.9600050338638773,0.0,""
"2023-02-22 12:42:31","git-master-aef83eb1482ea9360065ac8d8913aaf18edd4ce8","sub-ucl03/anat/sub-ucl03_T2w_seg.nii.gz","755","7","",45.40505573548115,0.0,-1.8986683387517,0.0,20.63947239758076,0.0,5.400190336281442,0.0,10.557687004687486,0.0,0.8590699573164232,0.0,1.1865141034583861,0.0,0.9458270728656893,0.0,""
"2023-02-22 12:42:31","git-master-aef83eb1482ea9360065ac8d8913aaf18edd4ce8","sub-ucl03/anat/sub-ucl03_T2w_seg.nii.gz","756","7","",46.04959374103491,0.0,-1.8950782316103931,0.0,20.4572577294007,0.0,5.455439476679387,0.0,10.6795864724432,0.0,0.8596732419741417,0.0,0.6778842995618973,0.0,0.9509629388221809,0.0,""
"2023-02-22 12:42:31","git-master-aef83eb1482ea9360065ac8d8913aaf18edd4ce8","sub-ucl03/anat/sub-ucl03_T2w_seg.nii.gz","757","7","",47.315313127652324,0.0,-1.8913456435652483,0.0,20.27646068230529,0.0,5.636118420034353,0.0,10.809942245590584,0.0,0.8533167315934868,0.0,0.2537118438529318,0.0,0.9696184836469478,0.0,""
"2023-02-22 12:42:31","git-master-aef83eb1482ea9360065ac8d8913aaf18edd4ce8","sub-ucl03/anat/sub-ucl03_T2w_seg.nii.gz","758","7","",48.12708864848353,0.0,-1.8873891514185361,0.0,20.09793446853221,0.0,5.797784833473675,0.0,10.70221459426914,0.0,0.8397251248138813,0.0,0.1947892178438525,0.0,0.9701621317503366,0.0,""
"2023-02-22 12:42:31","git-master-aef83eb1482ea9360065ac8d8913aaf18edd4ce8","sub-ucl03/anat/sub-ucl03_T2w_seg.nii.gz","759","7","",48.69125842434044,0.0,-1.8833105297618782,0.0,19.920646891116753,0.0,5.949080776049919,0.0,10.464623256873788,0.0,0.8221871018166664,0.0,0.3350937716710737,0.0,0.9608265634602464,0.0,""
"2023-02-22 12:42:31","git-master-aef83eb1482ea9360065ac8d8913aaf18edd4ce8","sub-ucl03/anat/sub-ucl03_T2w_seg.nii.gz","760","7","",49.87347710724408,0.0,-1.8789876425279008,0.0,19.74588208953533,0.0,6.064912725712833,0.0,10.411515051010591,0.0,0.8127717295088343,0.0,0.4578632987591795,0.0,0.9632779560415565,0.0,""
"2023-02-22 12:42:31","git-master-aef83eb1482ea9360065ac8d8913aaf18edd4ce8","sub-ucl03/anat/sub-ucl03_T2w_seg.nii.gz","761","7","",51.31321616808386,0.0,-1.8745629779700406,0.0,19.572168444551416,0.0,6.16596801166186,0.0,10.435274816619126,0.0,0.8067407949882447,0.0,0.5733265647059874,0.0,0.9706405823192835,0.0,""
"2023-02-22 12:42:31","git-master-aef83eb1482ea9360065ac8d8913aaf18edd4ce8","sub-ucl03/anat/sub-ucl03_T2w_seg.nii.gz","762","7","",51.22432244505712,0.0,-1.8698736847205182,0.0,19.40123540856465,0.0,6.124240390525096,0.0,10.538282439126409,0.0,0.813496261545628,0.0,0.3755837290773355,0.0,0.9689171809953456,0.0,""
"2023-02-22 12:42:31","git-master-aef83eb1482ea9360065ac8d8913aaf18edd4ce8","sub-ucl03/anat/sub-ucl03_T2w_seg.nii.gz","763","7","",50.66508017314837,0.0,-1.8651029672581765,0.0,19.231157944577,0.0,6.038579567208089,0.0,10.665674017602539,0.0,0.8241860053577722,0.0,0.08146978527161963,0.0,0.9643980788708956,0.0,""
"2023-02-22 12:42:31","git-master-aef83eb1482ea9360065ac8d8913aaf18edd4ce8","sub-ucl03/anat/sub-ucl03_T2w_seg.nii.gz","764","7","",50.04186714588726,0.0,-1.860047256240294,0.0,19.064124425926835,0.0,6.001064174462993,0.0,10.633263088468349,0.0,0.8255195178602872,0.0,0.438151820314699,0.0,0.9497704491028923,0.0,""
"2023-02-22 12:42:31","git-master-aef83eb1482ea9360065ac8d8913aaf18edd4ce8","sub-ucl03/anat/sub-ucl03_T2w_seg.nii.gz","765","7","",49.40494609962207,0.0,-1.8549304751747957,0.0,18.897743181277562,0.0,5.973865659697592,0.0,10.566608764846231,0.0,0.8248481236535959,0.0,0.9342901365396625,0.0,0.9329767062684134,0.0,""
"2023-02-22 12:42:31","git-master-aef83eb1482ea9360065ac8d8913aaf18edd4ce8","sub-ucl03/anat/sub-ucl03_T2w_seg.nii.gz","766","7","",49.740637465042425,0.0,-1.8495083338349336,0.0,18.73467433936214,0.0,6.051080897123656,0.0,10.457082593708972,0.0,0.8152620938047187,0.0,1.137287186166833,0.0,0.9448037179789613,0.0,""
"2023-02-22 12:42:31","git-master-aef83eb1482ea9360065ac8d8913aaf18edd4ce8","sub-ucl03/anat/sub-ucl03_T2w_seg.nii.gz","767","7","",50.20601048535418,0.0,-1.844045477791823,0.0,18.572047151144567,0.0,6.142217968175249,0.0,10.34184017623636,0.0,0.8044874458702166,0.0,1.3011987335809645,0.0,0.9604468302955127,0.0,""
"2023-02-22 12:42:31","git-master-aef83eb1482ea9360065ac8d8913aaf18edd4ce8","sub-ucl03/anat/sub-ucl03_T2w_seg.nii.gz","768","7","",50.84313643374863,0.0,-1.8382568928011307,0.0,18.413005568545366,0.0,6.171479621665816,0.0,10.378553540524472,0.0,0.8039933912371087,0.0,0.7991141532811271,0.0,0.969172679276468,0.0,""
"2023-02-22 12:42:31","git-master-aef83eb1482ea9360065ac8d8913aaf18edd4ce8","sub-ucl03/anat/sub-ucl03_T2w_seg.nii.gz","769","7","",51.49099694014825,0.0,-1.8324479497512143,0.0,18.25418808629731,0.0,6.1968740615588205,0.0,10.424764141172629,0.0,0.8041418736853378,0.0,0.25540481499916673,0.0,0.9774661992989484,0.0,""
"2023-02-22 12:42:31","git-master-aef83eb1482ea9360065ac8d8913aaf18edd4ce8","sub-ucl03/anat/sub-ucl03_T2w_seg.nii.gz","770","6","",50.98258462026203,0.0,-1.820499925651209,0.0,17.95339445252415,0.0,6.2324754672235105,0.0,10.45886261887955,0.0,0.8030561596846997,0.0,0.5574705960835918,0.0,0.9680746561886051,0.0,""
"2023-02-22 12:42:31","git-master-aef83eb1482ea9360065ac8d8913aaf18edd4ce8","sub-ucl03/anat/sub-ucl03_T2w_seg.nii.gz","771","6","",52.80367177135289,0.0,-1.8125073284031854,0.0,17.767704373419026,0.0,6.4630690752553015,0.0,10.491108110396723,0.0,0.7874960708165728,0.0,0.8430295069867004,0.0,0.9693668375373544,0.0,""
"2023-02-22 12:42:31","git-master-aef83eb1482ea9360065ac8d8913aaf18edd4ce8","sub-ucl03/anat/sub-ucl03_T2w_seg.nii.gz","772","6","",54.359700372954315,0.0,-1.8043355596398278,0.0,17.58406610777755,0.0,6.576255895927699,0.0,10.65198909738699,0.0,0.7861106414115122,0.0,1.4127527743818038,0.0,0.9699354869361895,0.0,""
"2023-02-22 12:42:31","git-master-aef83eb1482ea9360065ac8d8913aaf18edd4ce8","sub-ucl03/anat/sub-ucl03_T2w_seg.nii.gz","773","6","",55.551273469007754,0.0,-1.7959174300428864,0.0,17.40324908564859,0.0,6.528008383980929,0.0,10.98974389065276,0.0,0.8042153687681676,0.0,2.3732020319534,0.0,0.9695092799038922,0.0,""
"2023-02-22 12:42:31","git-master-aef83eb1482ea9360065ac8d8913aaf18edd4ce8","sub-ucl03/anat/sub-ucl03_T2w_seg.nii.gz","774","6","",56.92423787152664,0.0,-1.787140942497539,0.0,17.226584473362013,0.0,6.53036451156221,0.0,11.128952255537861,0.0,0.8097103212596569,0.0,2.6877577261100525,0.0,0.9646537882337597,0.0,""
"2023-02-22 12:42:31","git-master-aef83eb1482ea9360065ac8d8913aaf18edd4ce8","sub-ucl03/anat/sub-ucl03_T2w_seg.nii.gz","775","6","",58.587324904907206,0.0,-1.7781852711453348,0.0,17.052010644453432,0.0,6.567718903784573,0.0,11.249475926421491,0.0,0.8118827621434631,0.0,2.6792091670333904,0.0,0.9579025762122543,0.0,""
"2023-02-22 12:42:31","git-master-aef83eb1482ea9360065ac8d8913aaf18edd4ce8","sub-ucl03/anat/sub-ucl03_T2w_seg.nii.gz","776","6","",60.9675248688061,0.0,-1.7689160230568441,0.0,16.881110993835982,0.0,6.676501526249733,0.0,11.421919329000854,0.0,0.8113723023299685,0.0,2.1050628196962937,0.0,0.9481687216417687,0.0,""
"2023-02-22 12:42:31","git-master-aef83eb1482ea9360065ac8d8913aaf18edd4ce8","sub-ucl03/anat/sub-ucl03_T2w_seg.nii.gz","777","6","",61.22905846268702,0.0,-1.7593555835861463,0.0,16.713659281835785,0.0,6.72247227437297,0.0,11.459231066041983,0.0,0.8098391927547428,0.0,1.6874779746411954,0.0,0.9517958867154375,0.0,""
"2023-02-22 12:42:31","git-master-aef83eb1482ea9360065ac8d8913aaf18edd4ce8","sub-ucl03/anat/sub-ucl03_T2w_seg.nii.gz","778","6","",60.61384633225741,0.0,-1.749615947360637,0.0,16.54833469069796,0.0,6.727648905409842,0.0,11.47079664731184,0.0,0.8097912991724812,0.0,1.298292673246392,0.0,0.9605590596440875,0.0,""
"2023-02-22 12:42:31","git-master-aef83eb1482ea9360065ac8d8913aaf18edd4ce8","sub-ucl03/anat/sub-ucl03_T2w_seg.nii.gz","779","6","",60.857986689104855,0.0,-1.739495504910967,0.0,16.38756409846877,0.0,6.632491355938592,0.0,11.79365182317587,0.0,0.8263796752110492,0.0,0.5363006763193304,0.0,0.9605619915053178,0.0,""
"2023-02-22 12:42:31","git-master-aef83eb1482ea9360065ac8d8913aaf18edd4ce8","sub-ucl03/anat/sub-ucl03_T2w_seg.nii.gz","780","6","",62.04901994625959,0.0,-1.7291510482282233,0.0,16.22949763244129,0.0,6.7305378195685215,0.0,11.927291870078468,0.0,0.8252426919791344,0.0,0.3971681597663796,0.0,0.95767356665244,0.0,""
"2023-02-22 12:42:31","git-master-aef83eb1482ea9360065ac8d8913aaf18edd4ce8","sub-ucl03/anat/sub-ucl03_T2w_seg.nii.gz","781","6","",64.0922568136909,0.0,-1.718604978735713,0.0,16.073864879995355,0.0,7.00246789498951,0.0,11.89063830091578,0.0,0.808152885403785,0.0,0.8186091755501269,0.0,0.9521829207568644,0.0,""
"2023-02-22 12:42:31","git-master-aef83eb1482ea9360065ac8d8913aaf18edd4ce8","sub-ucl03/anat/sub-ucl03_T2w_seg.nii.gz","782","6","",65.1312724432067,0.0,-1.707655664127284,0.0,15.923142883050364,0.0,7.024195659876635,0.0,11.893381263426367,0.0,0.8069669009471565,0.0,0.49637994878800235,0.0,0.960012894906512,0.0,""
"2023-02-22 12:42:31","git-master-aef83eb1482ea9360065ac8d8913aaf18edd4ce8","sub-ucl03/anat/sub-ucl03_T2w_seg.nii.gz","783","6","",65.77108077318528,0.0,-1.6965271217197497,0.0,15.774619451248126,0.0,7.023981907545803,0.0,11.893527024719805,0.0,0.8069852888543095,0.0,0.36030394302839963,0.0,0.9663272008276501,0.0,""
"2023-02-22 12:42:31","git-master-aef83eb1482ea9360065ac8d8913aaf18edd4ce8","sub-ucl03/anat/sub-ucl03_T2w_seg.nii.gz","784","6","",65.82217385042532,0.0,-1.6851297359533612,0.0,15.629397297261951,0.0,7.00998291717789,0.0,11.885468390434015,0.0,0.8075536653737813,0.0,0.6141734820870126,0.0,0.9687745878765603,0.0,""
"2023-02-22 12:42:31","git-master-aef83eb1482ea9360065ac8d8913aaf18edd4ce8","sub-ucl03/anat/sub-ucl03_T2w_seg.nii.gz","785","6","",66.1791890829649,0.0,-1.6733962790671417,0.0,15.488334278900675,0.0,7.013315419456932,0.0,11.914167944600717,0.0,0.8083831162231208,0.0,2.0558325699218294,0.0,0.9567327439216474,0.0,""
"2023-02-22 12:42:31","git-master-aef83eb1482ea9360065ac8d8913aaf18edd4ce8","sub-ucl03/anat/sub-ucl03_T2w_seg.nii.gz","786","6","",66.61742969001091,0.0,-1.6614835796627545,0.0,15.349497684828194,0.0,7.04212065519926,0.0,11.94629766439748,0.0,0.8077633253321476,0.0,3.1849213348597813,0.0,0.9478532672947003,0.0,""
"2023-02-22 12:42:31","git-master-aef83eb1482ea9360065ac8d8913aaf18edd4ce8","sub-ucl03/anat/sub-ucl03_T2w_seg.nii.gz","787","6","",67.05434329615638,0.0,-1.6492347919350692,0.0,15.214851046213793,0.0,7.149117148781955,0.0,11.954532316854475,0.0,0.8014478035851339,0.0,1.9540818401582662,0.0,0.9653218991514488,0.0,""
"2023-02-22 12:42:31","git-master-aef83eb1482ea9360065ac8d8913aaf18edd4ce8","sub-ucl03/anat/sub-ucl03_T2w_seg.nii.gz","788","6","",67.49019887382384,0.0,-1.6367171195909882,0.0,15.083579688805342,0.0,7.215282854143648,0.0,11.99615233760514,0.0,0.7988993243513658,0.0,1.2373225204915288,0.0,0.9716427757647821,0.0,""
"2023-02-22 12:42:31","git-master-aef83eb1482ea9360065ac8d8913aaf18edd4ce8","sub-ucl03/anat/sub-ucl03_T2w_seg.nii.gz","789","6","",67.87259793972027,0.0,-1.6240201896592394,0.0,14.954560353355829,0.0,7.249505900018383,0.0,12.058009886103232,0.0,0.7990666688227996,0.0,0.8612332539115246,0.0,0.9709211776946052,0.0,""
"2023-02-22 12:42:31","git-master-aef83eb1482ea9360065ac8d8913aaf18edd4ce8","sub-ucl03/anat/sub-ucl03_T2w_seg.nii.gz","790","6","",67.303889092757,0.0,-1.6109199116216335,0.0,14.830636960504764,0.0,7.137484351448389,0.0,12.133596566971509,0.0,0.8085648935987916,0.0,1.2193631050275355,0.0,0.9604864653771095,0.0,""
"2023-02-22 12:42:31","git-master-aef83eb1482ea9360065ac8d8913aaf18edd4ce8","sub-ucl03/anat/sub-ucl03_T2w_seg.nii.gz","791","6","",67.77776232046926,0.0,-1.5976179488429116,0.0,14.709277099182824,0.0,7.144985661340681,0.0,12.190167468736202,0.0,0.8101828790559406,0.0,1.1891519535282256,0.0,0.9621269605149805,0.0,""
"2023-02-22 12:42:31","git-master-aef83eb1482ea9360065ac8d8913aaf18edd4ce8","sub-ucl03/anat/sub-ucl03_T2w_seg.nii.gz","792","6","",69.41006007559876,0.0,-1.5840918919073943,0.0,14.590765606226578,0.0,7.285290147302181,0.0,12.22560972705247,0.0,0.8030450430477083,0.0,0.7274507991230025,0.0,0.9771843528254812,0.0,""
"2023-02-22 12:42:31","git-master-aef83eb1482ea9360065ac8d8913aaf18edd4ce8","sub-ucl03/anat/sub-ucl03_T2w_seg.nii.gz","793","6","",69.78957551847085,0.0,-1.5701848545806087,0.0,14.477123987192492,0.0,7.370017726785413,0.0,12.141626475640374,0.0,0.7945781955627373,0.0,1.2706007188189392,0.0,0.9854676797800715,0.0,""
"2023-02-22 12:42:31","git-master-aef83eb1482ea9360065ac8d8913aaf18edd4ce8","sub-ucl03/anat/sub-ucl03_T2w_seg.nii.gz","794","6","",69.34032263137823,0.0,-1.5560985251600377,0.0,14.3657832338646,0.0,7.373455666731462,0.0,12.024269947801818,0.0,0.7899272582884032,0.0,1.8280061711140587,0.0,0.9869666717434489,0.0,""
"2023-02-22 12:42:31","git-master-aef83eb1482ea9360065ac8d8913aaf18edd4ce8","sub-ucl03/anat/sub-ucl03_T2w_seg.nii.gz","795","6","",67.41474169719237,0.0,-1.5417208421850193,0.0,14.25818634915526,0.0,7.214932716782582,0.0,11.865046450970027,0.0,0.7938828941017743,0.0,2.1601601016227976,0.0,0.9754929937675675,0.0,""
"2023-02-22 12:42:31","git-master-aef83eb1482ea9360065ac8d8913aaf18edd4ce8","sub-ucl03/anat/sub-ucl03_T2w_seg.nii.gz","796","6","",67.51059674657768,0.0,-1.5270293770064718,0.0,14.154641343371583,0.0,7.257276387957626,0.0,11.784566650887156,0.0,0.7877554476347483,0.0,1.7310347003373652,0.0,0.9619265933575457,0.0,""
"2023-02-22 12:42:31","git-master-aef83eb1482ea9360065ac8d8913aaf18edd4ce8","sub-ucl03/anat/sub-ucl03_T2w_seg.nii.gz","797","6","",68.57641496893962,0.0,-1.5121586041069377,0.0,14.05341570557204,0.0,7.395096273235008,0.0,11.735518648299294,0.0,0.776318405954143,0.0,1.1471773370551115,0.0,0.952242873236884,0.0,""
"2023-02-22 12:42:31","git-master-aef83eb1482ea9360065ac8d8913aaf18edd4ce8","sub-ucl03/anat/sub-ucl03_T2w_seg.nii.gz","798","6","",70.96501585942235,0.0,-1.496929203749818,0.0,13.956842165734216,0.0,7.6595195458697685,0.0,11.70411890521067,0.0,0.7557693941447302,0.0,1.1881387132072752,0.0,0.9672529192959337,0.0,""
"2023-02-22 12:42:31","git-master-aef83eb1482ea9360065ac8d8913aaf18edd4ce8","sub-ucl03/anat/sub-ucl03_T2w_seg.nii.gz","799","6","",71.07821473453973,0.0,-1.481523011714922,0.0,13.862096230698691,0.0,7.672009222559515,0.0,11.71307718258183,0.0,0.755420409125081,0.0,1.2402162063821887,0.0,0.9673722212462467,0.0,""
"2023-02-22 12:42:31","git-master-aef83eb1482ea9360065ac8d8913aaf18edd4ce8","sub-ucl03/anat/sub-ucl03_T2w_seg.nii.gz","800","6","",69.53657578030047,0.0,-1.4659882439143708,0.0,13.768679462792113,0.0,7.5012744658347055,0.0,11.751386747560108,0.0,0.7697623526798056,0.0,1.3003781483009202,0.0,0.9566618911174785,0.0,""
"2023-02-22 12:42:31","git-master-aef83eb1482ea9360065ac8d8913aaf18edd4ce8","sub-ucl03/anat/sub-ucl03_T2w_seg.nii.gz","801","5","",68.96194734977814,0.0,-1.441167788571027,0.0,13.622404642288046,0.0,7.401137357096314,0.0,11.939066472122901,0.0,0.7846738667428023,0.0,0.24227229532544084,0.0,0.9752367079388201,0.0,""
"2023-02-22 12:42:31","git-master-aef83eb1482ea9360065ac8d8913aaf18edd4ce8","sub-ucl03/anat/sub-ucl03_T2w_seg.nii.gz","802","5","",70.30710976381089,0.0,-1.4278268580181275,0.0,13.545350735641092,0.0,7.651009496185943,0.0,11.692826216771547,0.0,0.7543869850626326,0.0,0.15108398008989293,0.0,0.9798542604177505,0.0,""
"2023-02-22 12:42:31","git-master-aef83eb1482ea9360065ac8d8913aaf18edd4ce8","sub-ucl03/anat/sub-ucl03_T2w_seg.nii.gz","803","5","",71.49689422863025,0.0,-1.4144676840904764,0.0,13.468374258893549,0.0,7.876084091578065,0.0,11.478497175388709,0.0,0.727451044577289,0.0,0.0964521725346829,0.0,0.9835967230609383,0.0,""
"2023-02-22 12:42:31","git-master-aef83eb1482ea9360065ac8d8913aaf18edd4ce8","sub-ucl03/anat/sub-ucl03_T2w_seg.nii.gz","804","5","",71.52134407434933,0.0,-1.4009716848521887,0.0,13.391978506391588,0.0,7.915177109238872,0.0,11.503502238769745,0.0,0.7256471630531417,0.0,0.3159941725820067,0.0,0.9807760119360572,0.0,""
"2023-02-22 12:42:31","git-master-aef83eb1482ea9360065ac8d8913aaf18edd4ce8","sub-ucl03/anat/sub-ucl03_T2w_seg.nii.gz","805","5","",71.63649245450553,0.0,-1.387439197737485,0.0,13.315738436051983,0.0,7.923403423256844,0.0,11.577353921011484,0.0,0.7287491135964232,0.0,0.5722558338580325,0.0,0.9767158445431815,0.0,""
"2023-02-22 12:42:31","git-master-aef83eb1482ea9360065ac8d8913aaf18edd4ce8","sub-ucl03/anat/sub-ucl03_T2w_seg.nii.gz","806","5","",72.04641107158241,0.0,-1.3737881250244288,0.0,13.240004332740034,0.0,7.8313129504356,0.0,11.809957114550507,0.0,0.7477950183588491,0.0,0.9478563941273399,0.0,0.968627444279323,0.0,""
"2023-02-22 12:42:31","git-master-aef83eb1482ea9360065ac8d8913aaf18edd4ce8","sub-ucl03/anat/sub-ucl03_T2w_seg.nii.gz","807","5","",72.22788229245582,0.0,-1.3600823188963005,0.0,13.164504962615963,0.0,7.746736376914832,0.0,12.009832407570372,0.0,0.7639809034799954,0.0,1.2178126717441469,0.0,0.9679120622500563,0.0,""
"2023-02-22 12:42:31","git-master-aef83eb1482ea9360065ac8d8913aaf18edd4ce8","sub-ucl03/anat/sub-ucl03_T2w_seg.nii.gz","808","5","",71.99053328695616,0.0,-1.3462761681738737,0.0,13.089435936669675,0.0,7.675935285444934,0.0,12.149706549638449,0.0,0.7749234192587962,0.0,1.2940877644980366,0.0,0.980713880317541,0.0,""
"2023-02-22 12:42:31","git-master-aef83eb1482ea9360065ac8d8913aaf18edd4ce8","sub-ucl03/anat/sub-ucl03_T2w_seg.nii.gz","809","5","",71.87696287702964,0.0,-1.3323970375556553,0.0,13.014681470336113,0.0,7.617168014439162,0.0,12.217987349776934,0.0,0.7818675111826232,0.0,1.1063687997377873,0.0,0.9794790292767559,0.0,""
"2023-02-22 12:42:31","git-master-aef83eb1482ea9360065ac8d8913aaf18edd4ce8","sub-ucl03/anat/sub-ucl03_T2w_seg.nii.gz","810","5","",71.9026433871229,0.0,-1.3184358045546714,0.0,12.940280883566867,0.0,7.5719387914555325,0.0,12.205725640244626,0.0,0.784313376269605,0.0,0.6216565202741322,0.0,0.9624529254891672,0.0,""
"2023-02-22 12:42:31","git-master-aef83eb1482ea9360065ac8d8913aaf18edd4ce8","sub-ucl03/anat/sub-ucl03_T2w_seg.nii.gz","811","5","",73.03453533199223,0.0,-1.3043833443351183,0.0,12.866275435120462,0.0,7.7212777508478,0.0,12.124983819850542,0.0,0.7700247362799086,0.0,0.4453696442380912,0.0,0.9555677952999382,0.0,""
"2023-02-22 12:42:31","git-master-aef83eb1482ea9360065ac8d8913aaf18edd4ce8","sub-ucl03/anat/sub-ucl03_T2w_seg.nii.gz","812","5","",74.94077528120481,0.0,-1.290267025062567,0.0,12.792546583500044,0.0,8.006814437903193,0.0,11.99630592185321,0.0,0.7440219427365379,0.0,0.4849805506013807,0.0,0.9557813466295609,0.0,""
"2023-02-22 12:42:31","git-master-aef83eb1482ea9360065ac8d8913aaf18edd4ce8","sub-ucl03/anat/sub-ucl03_T2w_seg.nii.gz","813","5","",75.73505098831916,0.0,-1.2760412305117663,0.0,12.719294178343977,0.0,8.000560851695369,0.0,12.115032523165643,0.0,0.7501395482120676,0.0,0.41306418787170834,0.0,0.9570367437440608,0.0,""
"2023-02-22 12:42:31","git-master-aef83eb1482ea9360065ac8d8913aaf18edd4ce8","sub-ucl03/anat/sub-ucl03_T2w_seg.nii.gz","814","5","",76.06600826122589,0.0,-1.2617698212616955,0.0,12.646240292548056,0.0,7.872727984961204,0.0,12.336844332523814,0.0,0.769640653278806,0.0,0.2946781296866354,0.0,0.9587262432689262,0.0,""
"2023-02-22 12:42:31","git-master-aef83eb1482ea9360065ac8d8913aaf18edd4ce8","sub-ucl03/anat/sub-ucl03_T2w_seg.nii.gz","815","5","",75.59701616103662,0.0,-1.24737068804717,0.0,12.573744868206129,0.0,7.719907552237915,0.0,12.523442674125342,0.0,0.7867896120839596,0.0,1.4310902155605183,0.0,0.9560633843257987,0.0,""
"2023-02-22 12:42:31","git-master-aef83eb1482ea9360065ac8d8913aaf18edd4ce8","sub-ucl03/anat/sub-ucl03_T2w_seg.nii.gz","816","5","",74.95660633804106,0.0,-1.2329441854116903,0.0,12.501369114175775,0.0,7.561732641088384,0.0,12.702495272636163,0.0,0.8034345395473449,0.0,2.836387618018462,0.0,0.9524678771395301,0.0,""
"2023-02-22 12:42:31","git-master-aef83eb1482ea9360065ac8d8913aaf18edd4ce8","sub-ucl03/anat/sub-ucl03_T2w_seg.nii.gz","817","5","",77.43841008227963,0.0,-1.2183717096146922,0.0,12.429634521134433,0.0,7.789740494936138,0.0,12.677763213751623,0.0,0.7884934262260632,0.0,1.524167273928689,0.0,0.9598883382647128,0.0,""
"2023-02-22 12:42:31","git-master-aef83eb1482ea9360065ac8d8913aaf18edd4ce8","sub-ucl03/anat/sub-ucl03_T2w_seg.nii.gz","818","5","",79.93971051210727,0.0,-1.2037809870090768,0.0,12.357980251935823,0.0,8.021219302201246,0.0,12.645676815376364,0.0,0.7730666054987521,0.0,0.1908843946530367,0.0,0.9679219538926362,0.0,""
"2023-02-22 12:42:31","git-master-aef83eb1482ea9360065ac8d8913aaf18edd4ce8","sub-ucl03/anat/sub-ucl03_T2w_seg.nii.gz","819","5","",79.63074434412597,0.0,-1.1890442886271004,0.0,12.286970003231897,0.0,7.922050599146687,0.0,12.699705642544941,0.0,0.781454507059635,0.0,1.2381186989510344,0.0,0.974750073252962,0.0,""
"2023-02-22 12:42:31","git-master-aef83eb1482ea9360065ac8d8913aaf18edd4ce8","sub-ucl03/anat/sub-ucl03_T2w_seg.nii.gz","820","5","",79.43888191118445,0.0,-1.1742802193553263,0.0,12.216081033419314,0.0,7.854950948843048,0.0,12.741877762642336,0.0,0.7873632655944481,0.0,1.9783520920474746,0.0,0.9802280156262456,0.0,""
"2023-02-22 12:42:31","git-master-aef83eb1482ea9360065ac8d8913aaf18edd4ce8","sub-ucl03/anat/sub-ucl03_T2w_seg.nii.gz","821","5","",79.79350357509519,0.0,-1.159388419264496,0.0,12.145758031766336,0.0,7.937506878043692,0.0,12.728718583074208,0.0,0.7817026900076024,0.0,1.2859145662033056,0.0,0.9794051320599992,0.0,""
"2023-02-22 12:42:31","git-master-aef83eb1482ea9360065ac8d8913aaf18edd4ce8","sub-ucl03/anat/sub-ucl03_T2w_seg.nii.gz","822","5","",79.46376337574836,0.0,-1.1444510004054205,0.0,12.075638018349515,0.0,7.957727817501661,0.0,12.682145135771984,0.0,0.7786443041396481,0.0,0.9427918637958079,0.0,0.9781799178213288,0.0,""
"2023-02-22 12:42:31","git-master-aef83eb1482ea9360065ac8d8913aaf18edd4ce8","sub-ucl03/anat/sub-ucl03_T2w_seg.nii.gz","823","5","",77.49155470458335,0.0,-1.1294040965025558,0.0,12.006005176699471,0.0,7.82834478157721,0.0,12.555377445907931,0.0,0.7818311735970332,0.0,1.4380247376363247,0.0,0.9759891099688406,0.0,""
"2023-02-22 12:42:31","git-master-aef83eb1482ea9360065ac8d8913aaf18edd4ce8","sub-ucl03/anat/sub-ucl03_T2w_seg.nii.gz","824","5","",75.92911973879313,0.0,-1.114293325604266,0.0,11.936657692631973,0.0,7.716322582296107,0.0,12.492511414721157,0.0,0.7863808679852693,0.0,1.6861733803174401,0.0,0.9716948972940984,0.0,""
"2023-02-22 12:42:31","git-master-aef83eb1482ea9360065ac8d8913aaf18edd4ce8","sub-ucl03/anat/sub-ucl03_T2w_seg.nii.gz","825","5","",74.9520757806812,0.0,-1.0990913161410836,0.0,11.867717862253826,0.0,7.629101578219789,0.0,12.520933467359072,0.0,0.792877455131864,0.0,1.5813445499137,0.0,0.9643958205875649,0.0,""
"2023-02-22 12:42:31","git-master-aef83eb1482ea9360065ac8d8913aaf18edd4ce8","sub-ucl03/anat/sub-ucl03_T2w_seg.nii.gz","826","5","",73.6219799102172,0.0,-1.0838071912380334,0.0,11.799146397381843,0.0,7.551866990137198,0.0,12.41483876525555,0.0,0.7936332993012591,0.0,2.020251012448564,0.0,0.9604790919446092,0.0,""
"2023-02-22 12:42:31","git-master-aef83eb1482ea9360065ac8d8913aaf18edd4ce8","sub-ucl03/anat/sub-ucl03_T2w_seg.nii.gz","827","5","",71.9780601176625,0.0,-1.0684500748328787,0.0,11.73090236851534,0.0,7.483509216271256,0.0,12.189173614492974,0.0,0.7892862608242547,0.0,2.942477735373295,0.0,0.9595688949137225,0.0,""
"2023-02-22 12:42:31","git-master-aef83eb1482ea9360065ac8d8913aaf18edd4ce8","sub-ucl03/anat/sub-ucl03_T2w_seg.nii.gz","828","5","",72.48676063096178,0.0,-1.0529925944632181,0.0,11.663110330547461,0.0,7.563494836740721,0.0,12.169678082448367,0.0,0.7833932969058939,0.0,2.6932807824516902,0.0,0.9608329439956595,0.0,""
"2023-02-22 12:42:31","git-master-aef83eb1482ea9360065ac8d8913aaf18edd4ce8","sub-ucl03/anat/sub-ucl03_T2w_seg.nii.gz","829","5","",74.1696176747269,0.0,-1.0374803701129178,0.0,11.595564833069744,0.0,7.724395035938589,0.0,12.262638706068106,0.0,0.7766571009286115,0.0,1.8051254608866336,0.0,0.963282945502773,0.0,""
"2023-02-22 12:42:31","git-master-aef83eb1482ea9360065ac8d8913aaf18edd4ce8","sub-ucl03/anat/sub-ucl03_T2w_seg.nii.gz","830","5","",73.81595448090468,0.0,-1.0218495333360127,0.0,11.528555548566436,0.0,7.599335068720704,0.0,12.387474844308278,0.0,0.7890600202483449,0.0,1.845552500761769,0.0,0.9695168842938322,0.0,""
"2023-02-22 12:42:31","git-master-aef83eb1482ea9360065ac8d8913aaf18edd4ce8","sub-ucl03/anat/sub-ucl03_T2w_seg.nii.gz","831","5","",72.83566967551714,0.0,-1.0061822004278445,0.0,11.461711252670638,0.0,7.386287357990278,0.0,12.52211883320089,0.0,0.807351898121006,0.0,2.171697190310809,0.0,0.9769151114799515,0.0,""
"2023-02-22 12:42:31","git-master-aef83eb1482ea9360065ac8d8913aaf18edd4ce8","sub-ucl03/anat/sub-ucl03_T2w_seg.nii.gz","832","5","",72.44219209939587,0.0,-0.9903780068419874,0.0,11.39548796805219,0.0,7.376576202679999,0.0,12.482396350020364,0.0,0.806671976198078,0.0,2.362487101524651,0.0,0.978508195291287,0.0,""
"2023-02-22 12:42:31","git-master-aef83eb1482ea9360065ac8d8913aaf18edd4ce8","sub-ucl03/anat/sub-ucl03_T2w_seg.nii.gz","833","5","",72.12695548717676,0.0,-0.9745555651657719,0.0,11.329347484937388,0.0,7.393976588092405,0.0,12.419425003896754,0.0,0.8034624809690714,0.0,2.535229708960467,0.0,0.9793272599859846,0.0,""
"2023-02-22 12:42:31","git-master-aef83eb1482ea9360065ac8d8913aaf18edd4ce8","sub-ucl03/anat/sub-ucl03_T2w_seg.nii.gz","834","4","",72.9532440374881,0.0,-0.9444801764793076,0.0,11.206177381542892,0.0,7.459511424701883,0.0,12.6491278576429,0.0,0.8076041550717409,0.0,2.8976473996174787,0.0,0.9732294137580482,0.0,""
"2023-02-22 12:42:31","git-master-aef83eb1482ea9360065ac8d8913aaf18edd4ce8","sub-ucl03/anat/sub-ucl03_T2w_seg.nii.gz","835","4","",74.75595370804103,0.0,-0.9301400358824302,0.0,11.148643820281052,0.0,7.718371049991161,0.0,12.50680996401535,0.0,0.7856926491710808,0.0,3.7365051781456797,0.0,0.9694262800513944,0.0,""
"2023-02-22 12:42:31","git-master-aef83eb1482ea9360065ac8d8913aaf18edd4ce8","sub-ucl03/anat/sub-ucl03_T2w_seg.nii.gz","836","4","",76.55866337859398,0.0,-0.915799895285553,0.0,11.09111025901921,0.0,7.977230675280438,0.0,12.364492070387799,0.0,0.7637811432704208,0.0,4.575362956673881,0.0,0.9656231463447407,0.0,""
"2023-02-22 12:42:31","git-master-aef83eb1482ea9360065ac8d8913aaf18edd4ce8","sub-ucl03/anat/sub-ucl03_T2w_seg.nii.gz","837","4","",76.9978648228238,0.0,-0.9013381022489922,0.0,11.034134579692527,0.0,7.984540202662229,0.0,12.376084468090692,0.0,0.764022267919956,0.0,4.0084941883399505,0.0,0.9645950240299281,0.0,""
"2023-02-22 12:42:31","git-master-aef83eb1482ea9360065ac8d8913aaf18edd4ce8","sub-ucl03/anat/sub-ucl03_T2w_seg.nii.gz","838","4","",77.25526517021056,0.0,-0.8868600888871405,0.0,10.977233284623864,0.0,7.958309716989689,0.0,12.408198237970979,0.0,0.7672170766428504,0.0,3.2541952137577357,0.0,0.9639369032340278,0.0,""
"2023-02-22 12:42:31","git-master-aef83eb1482ea9360065ac8d8913aaf18edd4ce8","sub-ucl03/anat/sub-ucl03_T2w_seg.nii.gz","839","4","",77.98356281941805,0.0,-0.8722766444463554,0.0,10.92081710658905,0.0,7.93290319987743,0.0,12.527894282828122,0.0,0.7737829649594906,0.0,2.95814904698923,0.0,0.9682354895929737,0.0,""
"2023-02-22 12:42:31","git-master-aef83eb1482ea9360065ac8d8913aaf18edd4ce8","sub-ucl03/anat/sub-ucl03_T2w_seg.nii.gz","840","4","",78.85675194610887,0.0,-0.857660759673591,0.0,10.86455019533388,0.0,7.90775021155295,0.0,12.674538719985835,0.0,0.7813861085357448,0.0,2.803103744163405,0.0,0.9740592166149491,0.0,""
"2023-02-22 12:42:31","git-master-aef83eb1482ea9360065ac8d8913aaf18edd4ce8","sub-ucl03/anat/sub-ucl03_T2w_seg.nii.gz","841","4","",78.98289499404547,0.0,-0.8429556651313793,0.0,10.808695106083604,0.0,7.863492300771726,0.0,12.768091889142507,0.0,0.7877674182705218,0.0,3.4978836713934145,0.0,0.9738704258508243,0.0,""
"2023-02-22 12:42:31","git-master-aef83eb1482ea9360065ac8d8913aaf18edd4ce8","sub-ucl03/anat/sub-ucl03_T2w_seg.nii.gz","842","4","",78.70155836266159,0.0,-0.8282019107149237,0.0,10.753064647017816,0.0,7.808813523195912,0.0,12.832686184844064,0.0,0.7934822731826747,0.0,4.656204633199335,0.0,0.970402079930645,0.0,""
"2023-02-22 12:42:31","git-master-aef83eb1482ea9360065ac8d8913aaf18edd4ce8","sub-ucl03/anat/sub-ucl03_T2w_seg.nii.gz","843","4","",78.57710851967218,0.0,-0.8133751676474493,0.0,10.697772202530277,0.0,7.804947687445374,0.0,12.852440749975651,0.0,0.7944742715113295,0.0,4.793036784914384,0.0,0.9683175259642355,0.0,""
"2023-02-22 12:42:31","git-master-aef83eb1482ea9360065ac8d8913aaf18edd4ce8","sub-ucl03/anat/sub-ucl03_T2w_seg.nii.gz","844","4","",78.5921135997001,0.0,-0.7984835457790695,0.0,10.642780215445631,0.0,7.846248911095079,0.0,12.832337776822822,0.0,0.7912681750990971,0.0,4.021878883215321,0.0,0.967463009290066,0.0,""
"2023-02-22 12:42:31","git-master-aef83eb1482ea9360065ac8d8913aaf18edd4ce8","sub-ucl03/anat/sub-ucl03_T2w_seg.nii.gz","845","4","",79.09624150540239,0.0,-0.7835351560419356,0.0,10.588051940536483,0.0,7.923693797276919,0.0,12.776244815811733,0.0,0.7842015526783993,0.0,3.5351769415709122,0.0,0.9709947714124266,0.0,""
"2023-02-22 12:42:31","git-master-aef83eb1482ea9360065ac8d8913aaf18edd4ce8","sub-ucl03/anat/sub-ucl03_T2w_seg.nii.gz","846","4","",80.29911630492523,0.0,-0.7685056693494386,0.0,10.533700397306614,0.0,8.052772487076098,0.0,12.668737586431702,0.0,0.771619893102751,0.0,3.4548406571474355,0.0,0.980792646101259,0.0,""
"2023-02-22 12:42:31","git-master-aef83eb1482ea9360065ac8d8913aaf18edd4ce8","sub-ucl03/anat/sub-ucl03_T2w_seg.nii.gz","847","4","",81.06514736781347,0.0,-0.7534356350838028,0.0,10.47953778598304,0.0,8.135860134970653,0.0,12.596417252905086,0.0,0.7634276595420689,0.0,3.1942757437242433,0.0,0.9866565231335864,0.0,""
"2023-02-22 12:42:31","git-master-aef83eb1482ea9360065ac8d8913aaf18edd4ce8","sub-ucl03/anat/sub-ucl03_T2w_seg.nii.gz","848","4","",80.78275346277859,0.0,-0.7382682866426338,0.0,10.425828611234573,0.0,8.108569282294114,0.0,12.608545469426662,0.0,0.7657700484173054,0.0,2.501162120701732,0.0,0.9830788057903016,0.0,""
"2023-02-22 12:42:31","git-master-aef83eb1482ea9360065ac8d8913aaf18edd4ce8","sub-ucl03/anat/sub-ucl03_T2w_seg.nii.gz","849","4","",80.44779757139047,0.0,-0.7230766102813672,0.0,10.372233127051404,0.0,8.065890304560932,0.0,12.625428279251649,0.0,0.7692686139854441,0.0,2.009095026365734,0.0,0.9800665386912015,0.0,""
"2023-02-22 12:42:31","git-master-aef83eb1482ea9360065ac8d8913aaf18edd4ce8","sub-ucl03/anat/sub-ucl03_T2w_seg.nii.gz","850","4","",79.86755241035387,0.0,-0.7077714036263122,0.0,10.319168198839616,0.0,7.951400076563415,0.0,12.664499191159216,0.0,0.7781626707871259,0.0,2.4552450659001317,0.0,0.9796930393982968,0.0,""
"2023-02-22 12:42:31","git-master-aef83eb1482ea9360065ac8d8913aaf18edd4ce8","sub-ucl03/anat/sub-ucl03_T2w_seg.nii.gz","851","4","",79.30475512709366,0.0,-0.6924580879002015,0.0,10.266141275257255,0.0,7.841676289645982,0.0,12.704659423916569,0.0,0.7867784869156547,0.0,2.907185445149726,0.0,0.9790897476923534,0.0,""
"2023-02-22 12:42:31","git-master-aef83eb1482ea9360065ac8d8913aaf18edd4ce8","sub-ucl03/anat/sub-ucl03_T2w_seg.nii.gz","852","4","",79.0211238882559,0.0,-0.6770150270371984,0.0,10.213722425745683,0.0,7.808215560009934,0.0,12.762248790270485,0.0,0.7909424522737352,0.0,3.4517712598424595,0.0,0.9748097773777905,0.0,""
"2023-02-22 12:42:31","git-master-aef83eb1482ea9360065ac8d8913aaf18edd4ce8","sub-ucl03/anat/sub-ucl03_T2w_seg.nii.gz","853","4","",78.73749264941814,0.0,-0.6615719661741954,0.0,10.16130357623411,0.0,7.774754830373886,0.0,12.819838156624401,0.0,0.7951064176318156,0.0,3.9963570745351924,0.0,0.9705298070632277,0.0,""
"2023-02-22 12:42:31","git-master-aef83eb1482ea9360065ac8d8913aaf18edd4ce8","sub-ucl03/anat/sub-ucl03_T2w_seg.nii.gz","854","4","",76.77337241417985,0.0,-0.6459991643992441,0.0,10.109494482633185,0.0,7.602383749444899,0.0,12.762269827447351,0.0,0.8031265659931539,0.0,4.46456616704899,0.0,0.972978320899808,0.0,""
"2023-02-22 12:42:31","git-master-aef83eb1482ea9360065ac8d8913aaf18edd4ce8","sub-ucl03/anat/sub-ucl03_T2w_seg.nii.gz","855","4","",74.70422161666652,0.0,-0.6304182538172959,0.0,10.057723498776674,0.0,7.421330771560104,0.0,12.697504142299614,0.0,0.8113877257921959,0.0,4.928001714426605,0.0,0.9758473649958348,0.0,""
"2023-02-22 12:42:31","git-master-aef83eb1482ea9360065ac8d8913aaf18edd4ce8","sub-ucl03/anat/sub-ucl03_T2w_seg.nii.gz","856","4","",75.32979253451671,0.0,-0.6147238240419339,0.0,10.005347367242567,0.0,7.483447390035247,0.0,12.705502791043818,0.0,0.8080870163295109,0.0,4.772645544381993,0.0,0.9741115546058496,0.0,""
"2023-02-22 12:42:31","git-master-aef83eb1482ea9360065ac8d8913aaf18edd4ce8","sub-ucl03/anat/sub-ucl03_T2w_seg.nii.gz","857","4","",76.53280381994482,0.0,-0.5990050687251262,0.0,9.952841561206121,0.0,7.597671779158948,0.0,12.729093797050579,0.0,0.8023087634535987,0.0,4.484691149175476,0.0,0.9713889896831477,0.0,""
"2023-02-22 12:42:31","git-master-aef83eb1482ea9360065ac8d8913aaf18edd4ce8","sub-ucl03/anat/sub-ucl03_T2w_seg.nii.gz","858","4","",77.52652167096751,0.0,-0.5831890151187415,0.0,9.898838364947002,0.0,7.745769274972092,0.0,12.65453999428096,0.0,0.7903042532500905,0.0,4.168469052695837,0.0,0.9693623551870637,0.0,""
"2023-02-22 12:42:31","git-master-aef83eb1482ea9360065ac8d8913aaf18edd4ce8","sub-ucl03/anat/sub-ucl03_T2w_seg.nii.gz","859","4","",78.43303392432131,0.0,-0.5673324205583665,0.0,9.844211256095106,0.0,7.907980565239171,0.0,12.539092521187847,0.0,0.7757054691600839,0.0,3.8404687473523977,0.0,0.9676256917020706,0.0,""
"2023-02-22 12:42:31","git-master-aef83eb1482ea9360065ac8d8913aaf18edd4ce8","sub-ucl03/anat/sub-ucl03_T2w_seg.nii.gz","860","4","",78.11379846119128,0.0,-0.5513947476257315,0.0,9.788333973321793,0.0,7.943057106887333,0.0,12.422634871724568,0.0,0.7688580741376235,0.0,3.585469626970249,0.0,0.9654358672915755,0.0,""
"2023-02-22 12:42:31","git-master-aef83eb1482ea9360065ac8d8913aaf18edd4ce8","sub-ucl03/anat/sub-ucl03_T2w_seg.nii.gz","861","4","",76.93653959652256,0.0,-0.5354003198325143,0.0,9.73158156880349,0.0,7.889139324502254,0.0,12.305470098802171,0.0,0.7674366514624457,0.0,3.3815713360610036,0.0,0.9629288302332292,0.0,""
"2023-02-22 12:42:31","git-master-aef83eb1482ea9360065ac8d8913aaf18edd4ce8","sub-ucl03/anat/sub-ucl03_T2w_seg.nii.gz","862","4","",75.75899840668693,0.0,-0.5193410324203073,0.0,9.67382711394046,0.0,7.85140677415449,0.0,12.218766109571328,0.0,0.7662233204091147,0.0,3.5351084419535197,0.0,0.9656886070355484,0.0,""
"2023-02-22 12:42:31","git-master-aef83eb1482ea9360065ac8d8913aaf18edd4ce8","sub-ucl03/anat/sub-ucl03_T2w_seg.nii.gz","863","4","",74.58113960103847,0.0,-0.5032087779367368,0.0,9.614945352439612,0.0,7.831882609848709,0.0,12.166330501993484,0.0,0.7652440924303615,0.0,4.09076036924802,0.0,0.9743735494311165,0.0,""
"2023-02-22 12:42:31","git-master-aef83eb1482ea9360065ac8d8913aaf18edd4ce8","sub-ucl03/anat/sub-ucl03_T2w_seg.nii.gz","864","4","",73.92903518676681,0.0,-0.4870278812401075,0.0,9.555310599132431,0.0,7.80676870328659,0.0,12.1457386882551,0.0,0.7660453979085909,0.0,4.456674922176985,0.0,0.9790989942845851,0.0,""
"2023-02-22 12:42:31","git-master-aef83eb1482ea9360065ac8d8913aaf18edd4ce8","sub-ucl03/anat/sub-ucl03_T2w_seg.nii.gz","865","4","",74.2408138233526,0.0,-0.4707578071528705,0.0,9.494295360846973,0.0,7.771406935921186,0.0,12.1835271632224,0.0,0.7701110147246216,0.0,4.474737622102469,0.0,0.9765653603108709,0.0,""
"2023-02-22 12:42:31","git-master-aef83eb1482ea9360065ac8d8913aaf18edd4ce8","sub-ucl03/anat/sub-ucl03_T2w_seg.nii.gz","866","4","",74.83334696917646,0.0,-0.4544553067220466,0.0,9.43277714735371,0.0,7.77096245625297,0.0,12.222790614950654,0.0,0.7718593725601803,0.0,4.464298814287742,0.0,0.9733066570881017,0.0,""
"2023-02-22 12:42:31","git-master-aef83eb1482ea9360065ac8d8913aaf18edd4ce8","sub-ucl03/anat/sub-ucl03_T2w_seg.nii.gz","867","4","",76.33833227002413,0.0,-0.4380474206745651,0.0,9.36962426443508,0.0,7.883999161600616,0.0,12.266847741152,0.0,0.7660766387092054,0.0,4.361230106317324,0.0,0.9676914788059038,0.0,""
"2023-02-22 12:42:31","git-master-aef83eb1482ea9360065ac8d8913aaf18edd4ce8","sub-ucl03/anat/sub-ucl03_T2w_seg.nii.gz","868","4","",77.63292569057265,0.0,-0.4216233224215016,0.0,9.306219399208155,0.0,7.986583775525488,0.0,12.305048058903491,0.0,0.760745057947834,0.0,4.210275384644691,0.0,0.9632997601400921,0.0,""
"2023-02-22 12:42:31","git-master-aef83eb1482ea9360065ac8d8913aaf18edd4ce8","sub-ucl03/anat/sub-ucl03_T2w_seg.nii.gz","869","4","",77.34958000887762,0.0,-0.4050776326265728,0.0,9.240924666669,0.0,8.010777703779558,0.0,12.29932231328106,0.0,0.7587971253584898,0.0,3.700175560205438,0.0,0.9680839885971778,0.0,""
"2023-02-22 12:42:31","git-master-aef83eb1482ea9360065ac8d8913aaf18edd4ce8","sub-ucl03/anat/sub-ucl03_T2w_seg.nii.gz","870","4","",77.0662343271826,0.0,-0.38853194283164405,0.0,9.175629934129846,0.0,8.034971632033628,0.0,12.293596567658627,0.0,0.7568491927691455,0.0,3.190075735766184,0.0,0.9728682170542635,0.0,""
"2023-02-22 12:42:31","git-master-aef83eb1482ea9360065ac8d8913aaf18edd4ce8","sub-ucl03/anat/sub-ucl03_T2w_seg.nii.gz","871","3","",80.37843320160705,0.0,-0.353202210425256,0.0,9.0328140950431,0.0,8.237482260749754,0.0,12.559410953666434,0.0,0.7548644592424559,0.0,3.410752472171786,0.0,0.9746600741656366,0.0,""
"2023-02-22 12:42:31","git-master-aef83eb1482ea9360065ac8d8913aaf18edd4ce8","sub-ucl03/anat/sub-ucl03_T2w_seg.nii.gz","872","3","",79.56818391041406,0.0,-0.3304440211821588,0.0,8.938661379067659,0.0,8.18799123982018,0.0,12.520840491701406,0.0,0.7565394706683223,0.0,3.430971849347226,0.0,0.9765535017619003,0.0,""
"2023-02-22 12:42:31","git-master-aef83eb1482ea9360065ac8d8913aaf18edd4ce8","sub-ucl03/anat/sub-ucl03_T2w_seg.nii.gz","873","3","",78.569374171901,0.0,-0.3076047874891393,0.0,8.843241268297234,0.0,8.060738057150537,0.0,12.520684167752966,0.0,0.7649329394528188,0.0,3.203552557355661,0.0,0.9725816997538727,0.0,""
"2023-02-22 12:42:31","git-master-aef83eb1482ea9360065ac8d8913aaf18edd4ce8","sub-ucl03/anat/sub-ucl03_T2w_seg.nii.gz","874","3","",77.32543585187183,0.0,-0.2846601960112207,0.0,8.746173544293335,0.0,7.832394064218806,0.0,12.57046622322609,0.0,0.7820604028035346,0.0,2.6542029954469903,0.0,0.9609850992602664,0.0,""
"2023-02-22 12:42:31","git-master-aef83eb1482ea9360065ac8d8913aaf18edd4ce8","sub-ucl03/anat/sub-ucl03_T2w_seg.nii.gz","875","3","",76.12695807441457,0.0,-0.26155352812609683,0.0,8.64656604854612,0.0,7.726136753359188,0.0,12.54708988175783,0.0,0.7879146926485138,0.0,3.7203115804337044,0.0,0.963487758920374,0.0,""
"2023-02-22 12:42:31","git-master-aef83eb1482ea9360065ac8d8913aaf18edd4ce8","sub-ucl03/anat/sub-ucl03_T2w_seg.nii.gz","876","3","",74.8119474984968,0.0,-0.23836582667089662,0.0,8.545686933340233,0.0,7.660560966515203,0.0,12.479194053691359,0.0,0.7893750267989786,0.0,4.632613581952324,0.0,0.9665724453500345,0.0,""
"2023-02-22 12:42:31","git-master-aef83eb1482ea9360065ac8d8913aaf18edd4ce8","sub-ucl03/anat/sub-ucl03_T2w_seg.nii.gz","877","3","",73.2149897686446,0.0,-0.2150484746808494,0.0,8.442772038255088,0.0,7.6461132292822285,0.0,12.334622278066025,0.0,0.7846571217068067,0.0,4.6394863137511635,0.0,0.9661534466288286,0.0,""
"2023-02-22 12:42:31","git-master-aef83eb1482ea9360065ac8d8913aaf18edd4ce8","sub-ucl03/anat/sub-ucl03_T2w_seg.nii.gz","878","3","",72.81334281598429,0.0,-0.1915933808977314,0.0,8.337689955472324,0.0,7.58032473341024,0.0,12.28159551789743,0.0,0.7867823735961141,0.0,4.582233063265832,0.0,0.9596454933210737,0.0,""
"2023-02-22 12:42:31","git-master-aef83eb1482ea9360065ac8d8913aaf18edd4ce8","sub-ucl03/anat/sub-ucl03_T2w_seg.nii.gz","879","3","",73.18557893725773,0.0,-0.16805726548596228,0.0,8.231332087309504,0.0,7.539992277003752,0.0,12.273731417614844,0.0,0.7890371582047145,0.0,4.491591571644028,0.0,0.952835841022289,0.0,""
"2023-02-22 12:42:31","git-master-aef83eb1482ea9360065ac8d8913aaf18edd4ce8","sub-ucl03/anat/sub-ucl03_T2w_seg.nii.gz","880","3","",75.22985629795375,0.0,-0.1443672174029542,0.0,8.122547465025661,0.0,7.706647279894383,0.0,12.32691742587802,0.0,0.7804348718198286,0.0,4.34986125786508,0.0,0.9548010717935626,0.0,""
"2023-02-22 12:42:31","git-master-aef83eb1482ea9360065ac8d8913aaf18edd4ce8","sub-ucl03/anat/sub-ucl03_T2w_seg.nii.gz","881","3","",75.79625426037364,0.0,-0.12056375614586542,0.0,8.011971372211807,0.0,7.736490554241996,0.0,12.414761022106802,0.0,0.7819830668573171,0.0,4.813207634604152,0.0,0.9612743051774414,0.0,""
"2023-02-22 12:42:31","git-master-aef83eb1482ea9360065ac8d8913aaf18edd4ce8","sub-ucl03/anat/sub-ucl03_T2w_seg.nii.gz","882","3","",75.39495830230358,0.0,-0.09667928629770525,0.0,7.90011542421166,0.0,7.675859618480385,0.0,12.51697647928283,0.0,0.7898995875450806,0.0,5.547439480767783,0.0,0.9701911206077872,0.0,""
"2023-02-22 12:42:31","git-master-aef83eb1482ea9360065ac8d8913aaf18edd4ce8","sub-ucl03/anat/sub-ucl03_T2w_seg.nii.gz","883","3","",74.60583329764476,0.0,-0.07261661376511602,0.0,7.785439173894657,0.0,7.559704792567071,0.0,12.44521556178475,0.0,0.7943624638510274,0.0,3.6836384598024745,0.0,0.9691107041107041,0.0,""
"2023-02-22 12:42:31","git-master-aef83eb1482ea9360065ac8d8913aaf18edd4ce8","sub-ucl03/anat/sub-ucl03_T2w_seg.nii.gz","884","3","",74.01021937977382,0.0,-0.048464849352975785,0.0,7.669350269487862,0.0,7.50393812012103,0.0,12.440459838963442,0.0,0.7975906664505702,0.0,2.768659142833775,0.0,0.9743710699533993,0.0,""
"2023-02-22 12:42:31","git-master-aef83eb1482ea9360065ac8d8913aaf18edd4ce8","sub-ucl03/anat/sub-ucl03_T2w_seg.nii.gz","885","3","",73.62570846567142,0.0,-0.024215893799507164,0.0,7.5517202878922,0.0,7.514049433275651,0.0,12.50880069215316,0.0,0.7994719522794905,0.0,2.888758048406832,0.0,0.9865486528940344,0.0,""
"2023-02-22 12:42:31","git-master-aef83eb1482ea9360065ac8d8913aaf18edd4ce8","sub-ucl03/anat/sub-ucl03_T2w_seg.nii.gz","886","3","",73.24084279688563,0.0,0.0002031273028467312,0.0,7.431388785918917,0.0,7.488552867939671,0.0,12.404074383296939,0.0,0.7971757343128709,0.0,3.7151401164481728,0.0,0.979015904667747,0.0,""
"2023-02-22 12:42:31","git-master-aef83eb1482ea9360065ac8d8913aaf18edd4ce8","sub-ucl03/anat/sub-ucl03_T2w_seg.nii.gz","887","3","",72.85579547823546,0.0,0.024703124438424588,0.0,7.309769142348303,0.0,7.488472734056912,0.0,12.304802817621322,0.0,0.7934580099810526,0.0,4.444157053357609,0.0,0.9682916149977447,0.0,""
"2023-02-22 12:42:31","git-master-aef83eb1482ea9360065ac8d8913aaf18edd4ce8","sub-ucl03/anat/sub-ucl03_T2w_seg.nii.gz","888","3","",72.4704709151402,0.0,0.04932458278828214,0.0,7.1862166476358444,0.0,7.542406958879405,0.0,12.246663745774686,0.0,0.7878209440351193,0.0,4.864492376096813,0.0,0.9551028871148702,0.0,""
"2023-02-22 12:42:31","git-master-aef83eb1482ea9360065ac8d8913aaf18edd4ce8","sub-ucl03/anat/sub-ucl03_T2w_seg.nii.gz","889","3","",73.3552785402229,0.0,0.0740917767953577,0.0,7.060341058325691,0.0,7.697700040081308,0.0,12.180530469032876,0.0,0.7747151086192382,0.0,5.666464913589483,0.0,0.9511998533919765,0.0,""
"2023-02-22 12:42:31","git-master-aef83eb1482ea9360065ac8d8913aaf18edd4ce8","sub-ucl03/anat/sub-ucl03_T2w_seg.nii.gz","890","3","",74.32829643735784,0.0,0.09893992988939862,0.0,6.93317389012773,0.0,7.842481081372985,0.0,12.103674997019212,0.0,0.7616628704761167,0.0,6.2618572557635535,0.0,0.9519831872516319,0.0,""
"2023-02-22 12:42:31","git-master-aef83eb1482ea9360065ac8d8913aaf18edd4ce8","sub-ucl03/anat/sub-ucl03_T2w_seg.nii.gz","891","3","",74.34873912570285,0.0,0.1239338000392969,0.0,6.803680132531354,0.0,7.848059922608435,0.0,11.996213826922055,0.0,0.7562723519848774,0.0,5.731923680037188,0.0,0.9603517502484831,0.0,""
"2023-02-22 12:42:31","git-master-aef83eb1482ea9360065ac8d8913aaf18edd4ce8","sub-ucl03/anat/sub-ucl03_T2w_seg.nii.gz","892","3","",74.36905606368508,0.0,0.14904908488760188,0.0,6.672244803246265,0.0,7.900600968417769,0.0,11.958146693830777,0.0,0.7506307009513877,0.0,5.721893781192596,0.0,0.9646809347264352,0.0,""
"2023-02-22 12:42:31","git-master-aef83eb1482ea9360065ac8d8913aaf18edd4ce8","sub-ucl03/anat/sub-ucl03_T2w_seg.nii.gz","893","3","",74.39246716006402,0.0,0.17424531061826187,0.0,6.539514750819199,0.0,7.970799274773955,0.0,11.959296131356883,0.0,0.7455097237304794,0.0,5.94937620928612,0.0,0.96636975818794,0.0,""
"2023-02-22 12:42:31","git-master-aef83eb1482ea9360065ac8d8913aaf18edd4ce8","sub-ucl03/anat/sub-ucl03_T2w_seg.nii.gz","894","3","",74.44907112163988,0.0,0.19961149330257183,0.0,6.404062906858181,0.0,7.963410471258346,0.0,11.983612953132592,0.0,0.7472621637782771,0.0,5.759277479691919,0.0,0.9629553106825834,0.0,""
"2023-02-22 12:42:31","git-master-aef83eb1482ea9360065ac8d8913aaf18edd4ce8","sub-ucl03/anat/sub-ucl03_T2w_seg.nii.gz","895","3","",74.04313464668638,0.0,0.22507478018218469,0.0,6.267053860920233,0.0,7.892745024872116,0.0,12.031627939932735,0.0,0.7545906687233179,0.0,5.504501090877074,0.0,0.9600423506452663,0.0,""
"2023-02-22 12:42:31","git-master-aef83eb1482ea9360065ac8d8913aaf18edd4ce8","sub-ucl03/anat/sub-ucl03_T2w_seg.nii.gz","896","3","",73.213202771581,0.0,0.25062707924082517,0.0,6.128617379836762,0.0,7.764075989187817,0.0,12.101366244671938,0.0,0.7670305664908316,0.0,5.190436847776639,0.0,0.9575890874536521,0.0,""
"2023-02-22 12:42:31","git-master-aef83eb1482ea9360065ac8d8913aaf18edd4ce8","sub-ucl03/anat/sub-ucl03_T2w_seg.nii.gz","897","3","",73.19537109938723,0.0,0.2763573758202104,0.0,5.9873228775511045,0.0,7.704654375907961,0.0,12.080308674153283,0.0,0.7702100777105496,0.0,5.108221040901576,0.0,0.957328251949138,0.0,""
"2023-02-22 12:42:31","git-master-aef83eb1482ea9360065ac8d8913aaf18edd4ce8","sub-ucl03/anat/sub-ucl03_T2w_seg.nii.gz","898","3","",72.25905569273344,0.0,0.3021685689460315,0.0,5.844728127082086,0.0,7.629087566858565,0.0,11.997472720164604,0.0,0.7717770953397757,0.0,4.774521960317921,0.0,0.9614314421211816,0.0,""
"2023-02-22 12:42:31","git-master-aef83eb1482ea9360065ac8d8913aaf18edd4ce8","sub-ucl03/anat/sub-ucl03_T2w_seg.nii.gz","899","3","",69.8365665837844,0.0,0.328093015460801,0.0,5.700312850635065,0.0,7.523509726442094,0.0,11.824956968927655,0.0,0.771490564412424,0.0,4.033233352414056,0.0,0.9721680965394899,0.0,""
"2023-02-22 12:42:31","git-master-aef83eb1482ea9360065ac8d8913aaf18edd4ce8","sub-ucl03/anat/sub-ucl03_T2w_seg.nii.gz","900","3","",70.4383238189192,0.0,0.3541711379573945,0.0,5.5534247597799435,0.0,7.560192657600257,0.0,11.873645332693798,0.0,0.7710969527931156,0.0,3.8806847971351974,0.0,0.9685036916742198,0.0,""
"2023-02-22 12:42:31","git-master-aef83eb1482ea9360065ac8d8913aaf18edd4ce8","sub-ucl03/anat/sub-ucl03_T2w_seg.nii.gz","901","3","",70.93334429056796,0.0,0.3803301343376411,0.0,5.405234633742836,0.0,7.589113870424275,0.0,11.893640655185887,0.0,0.7699456335562938,0.0,3.6555573704708393,0.0,0.9617319751930675,0.0,""
"2023-02-22 12:42:31","git-master-aef83eb1482ea9360065ac8d8913aaf18edd4ce8","sub-ucl03/anat/sub-ucl03_T2w_seg.nii.gz","902","3","",69.32200751657034,0.0,0.406626607013115,0.0,5.254830420126508,0.0,7.511186245625454,0.0,11.700392713189123,0.0,0.7667113487632986,0.0,2.87361153120984,0.0,0.9547463146711559,0.0,""
"2023-02-22 12:42:31","git-master-aef83eb1482ea9360065ac8d8913aaf18edd4ce8","sub-ucl03/anat/sub-ucl03_T2w_seg.nii.gz","903","3","",69.40966735249869,0.0,0.4330524464228295,0.0,5.10234119500166,0.0,7.5226314945529165,0.0,11.694187828301235,0.0,0.765632292132703,0.0,2.575120640505573,0.0,0.9547019861435979,0.0,""
"2023-02-22 12:42:31","git-master-aef83eb1482ea9360065ac8d8913aaf18edd4ce8","sub-ucl03/anat/sub-ucl03_T2w_seg.nii.gz","904","3","",70.18749770612811,0.0,0.459559135624806,0.0,4.9485486820067,0.0,7.580439072449759,0.0,11.747977938297298,0.0,0.7639068462649667,0.0,2.6764405609177504,0.0,0.9567229813895004,0.0,""
"2023-02-22 12:42:31","git-master-aef83eb1482ea9360065ac8d8913aaf18edd4ce8","sub-ucl03/anat/sub-ucl03_T2w_seg.nii.gz","905","3","",70.61105806548044,0.0,0.4862275038003275,0.0,4.792148866777504,0.0,7.68665796177414,0.0,11.656192430952135,0.0,0.7515860566759598,0.0,4.033088955482425,0.0,0.9522672501416076,0.0,""
"2023-02-22 12:42:31","git-master-aef83eb1482ea9360065ac8d8913aaf18edd4ce8","sub-ucl03/anat/sub-ucl03_T2w_seg.nii.gz","906","3","",71.03406330025376,0.0,0.5122339424716145,0.0,4.6381250791258255,0.0,7.721299071296944,0.0,11.613620506579956,0.0,0.746977358168827,0.0,5.096904883700347,0.0,0.9536849907082541,0.0,""
"2023-02-22 12:42:31","git-master-aef83eb1482ea9360065ac8d8913aaf18edd4ce8","sub-ucl03/anat/sub-ucl03_T2w_seg.nii.gz","907","3","",71.45664151612017,0.0,0.5377312046011826,0.0,4.485929004995315,0.0,7.70088035020315,0.0,11.608905184494688,0.0,0.7483010374169823,0.0,5.935465068574611,0.0,0.9596207865168539,0.0,""
"2023-02-22 12:42:31","git-master-aef83eb1482ea9360065ac8d8913aaf18edd4ce8","sub-ucl03/anat/sub-ucl03_T2w_seg.nii.gz","908","2","",72.11555111748727,0.0,0.573682980651313,0.0,4.265591088585028,0.0,7.645863119831774,0.0,12.006888388337071,0.0,0.7710378678603131,0.0,4.312278294673479,0.0,0.9497282608695652,0.0,""
"2023-02-22 12:42:31","git-master-aef83eb1482ea9360065ac8d8913aaf18edd4ce8","sub-ucl03/anat/sub-ucl03_T2w_seg.nii.gz","909","2","",71.76415228784,0.0,0.5918134294493729,0.0,4.150887788351099,0.0,7.593555741145037,0.0,12.049277679240449,0.0,0.7763767991308405,0.0,4.3711275487543535,0.0,0.9489119267421083,0.0,""
"2023-02-22 12:42:31","git-master-aef83eb1482ea9360065ac8d8913aaf18edd4ce8","sub-ucl03/anat/sub-ucl03_T2w_seg.nii.gz","910","2","",71.41239377207768,0.0,0.6094163115304404,0.0,4.038578248533473,0.0,7.547526003542687,0.0,12.067235058548492,0.0,0.7802576782041333,0.0,4.384660212826753,0.0,0.9494989773093504,0.0,""
"2023-02-22 12:42:31","git-master-aef83eb1482ea9360065ac8d8913aaf18edd4ce8","sub-ucl03/anat/sub-ucl03_T2w_seg.nii.gz","911","2","",71.05946627644133,0.0,0.6253046017812831,0.0,3.9340484300688288,0.0,7.521898599464599,0.0,12.0057887251717,0.0,0.7793998876364141,0.0,4.250913959371608,0.0,0.9546470281343634,0.0,""
"2023-02-22 12:42:31","git-master-aef83eb1482ea9360065ac8d8913aaf18edd4ce8","sub-ucl03/anat/sub-ucl03_T2w_seg.nii.gz","912","2","",70.87619228444862,0.0,0.6401377884172983,0.0,3.834313606125096,0.0,7.495580357839749,0.0,11.966036065310325,0.0,0.7794979535266452,0.0,4.1713592383222275,0.0,0.9569171488928592,0.0,""
"2023-02-22 12:42:31","git-master-aef83eb1482ea9360065ac8d8913aaf18edd4ce8","sub-ucl03/anat/sub-ucl03_T2w_seg.nii.gz","913","2","",70.883778484055,0.0,0.6537839834866325,0.0,3.7399731510173893,0.0,7.468484923974794,0.0,11.950688788153794,0.0,0.7806713579320702,0.0,4.152769991229334,0.0,0.9559495983265232,0.0,""
"2023-02-22 12:42:31","git-master-aef83eb1482ea9360065ac8d8913aaf18edd4ce8","sub-ucl03/anat/sub-ucl03_T2w_seg.nii.gz","914","2","",71.65704356991392,0.0,0.6658475645753621,0.0,3.6528346708460213,0.0,7.499071846836559,0.0,12.058496166357482,0.0,0.7830649592599891,0.0,4.208968820895999,0.0,0.9525306202983521,0.0,""
"2023-02-22 12:42:31","git-master-aef83eb1482ea9360065ac8d8913aaf18edd4ce8","sub-ucl03/anat/sub-ucl03_T2w_seg.nii.gz","915","2","",72.74934152504476,0.0,0.6772517231721732,0.0,3.5686970135647944,0.0,7.553693085001125,0.0,12.217617984294595,0.0,0.7859669759722803,0.0,4.2963293492124786,0.0,0.9480902141610832,0.0,""
"2023-02-22 12:42:31","git-master-aef83eb1482ea9360065ac8d8913aaf18edd4ce8","sub-ucl03/anat/sub-ucl03_T2w_seg.nii.gz","916","2","",72.47819449036932,0.0,0.6865457788306577,0.0,3.494172587657653,0.0,7.626529962079276,0.0,12.079441603151864,0.0,0.7751998017261388,0.0,3.237996958264802,0.0,0.9497477426719155,0.0,""
"2023-02-22 12:42:31","git-master-aef83eb1482ea9360065ac8d8913aaf18edd4ce8","sub-ucl03/anat/sub-ucl03_T2w_seg.nii.gz","917","2","",72.24942702563237,0.0,0.6953123164947799,0.0,3.422053116331329,0.0,7.692854386816906,0.0,11.954744371186447,0.0,0.7654482693858233,0.0,2.4299451476588048,0.0,0.9520862693547437,0.0,""
"2023-02-22 12:42:31","git-master-aef83eb1482ea9360065ac8d8913aaf18edd4ce8","sub-ucl03/anat/sub-ucl03_T2w_seg.nii.gz","918","2","",72.61610234263516,0.0,0.702232550208889,0.0,3.3583529072313816,0.0,7.723474472615638,0.0,11.979661810113441,0.0,0.7644232466355726,0.0,3.1240298134326934,0.0,0.9558242232345235,0.0,""
"2023-02-22 12:42:31","git-master-aef83eb1482ea9360065ac8d8913aaf18edd4ce8","sub-ucl03/anat/sub-ucl03_T2w_seg.nii.gz","919","2","",72.83336946704202,0.0,0.7082296460763762,0.0,3.298865466366618,0.0,7.735945735098041,0.0,11.996879103860188,0.0,0.7643248435365756,0.0,3.5259011453789117,0.0,0.9577758546441345,0.0,""
"2023-02-22 12:42:31","git-master-aef83eb1482ea9360065ac8d8913aaf18edd4ce8","sub-ucl03/anat/sub-ucl03_T2w_seg.nii.gz","920","2","",72.83719631631185,0.0,0.7129079735915463,0.0,3.2453962658378313,0.0,7.7224901071285466,0.0,12.003096190206584,0.0,0.7655501827965125,0.0,3.510324857571316,0.0,0.957175596810647,0.0,""
"2023-02-22 12:42:31","git-master-aef83eb1482ea9360065ac8d8913aaf18edd4ce8","sub-ucl03/anat/sub-ucl03_T2w_seg.nii.gz","921","2","",71.66904291882749,0.0,0.7161356713016085,0.0,3.1985510721715444,0.0,7.631387618045705,0.0,11.946470685502103,0.0,0.7693716242226148,0.0,3.1391810098322326,0.0,0.9680514418830746,0.0,""
"2023-02-22 12:42:31","git-master-aef83eb1482ea9360065ac8d8913aaf18edd4ce8","sub-ucl03/anat/sub-ucl03_T2w_seg.nii.gz","922","2","",69.86162756856811,0.0,0.7185721163907027,0.0,3.155318973157531,0.0,7.497932295628312,0.0,11.855567403860782,0.0,0.7746091213757162,0.0,2.5740912203123383,0.0,0.9851869794496376,0.0,""
"2023-02-22 12:42:31","git-master-aef83eb1482ea9360065ac8d8913aaf18edd4ce8","sub-ucl03/anat/sub-ucl03_T2w_seg.nii.gz","923","2","",69.33141460452487,0.0,0.7190304410141826,0.0,3.1211237795417124,0.0,7.497567843462656,0.0,11.777369153241949,0.0,0.771137729465329,0.0,2.564653907617396,0.0,0.9880684488747515,0.0,""
"2023-02-22 12:42:31","git-master-aef83eb1482ea9360065ac8d8913aaf18edd4ce8","sub-ucl03/anat/sub-ucl03_T2w_seg.nii.gz","924","2","",69.09922140223719,0.0,0.718961266965525,0.0,3.089338837231237,0.0,7.518596218996278,0.0,11.71695158478843,0.0,0.7669688970023472,0.0,2.4670047736046117,0.0,0.9895255624421918,0.0,""
"2023-02-22 12:42:31","git-master-aef83eb1482ea9360065ac8d8913aaf18edd4ce8","sub-ucl03/anat/sub-ucl03_T2w_seg.nii.gz","925","2","",69.82497402690016,0.0,0.7169139733414512,0.0,3.0665938743126393,0.0,7.566979932022745,0.0,11.77718410155227,0.0,0.7662781494583935,0.0,1.1521145028830542,0.0,0.9945540752185275,0.0,""
"2023-02-22 12:42:31","git-master-aef83eb1482ea9360065ac8d8913aaf18edd4ce8","sub-ucl03/anat/sub-ucl03_T2w_seg.nii.gz","926","2","",70.2948900338587,0.0,0.7140754281548283,0.0,3.047465729265108,0.0,7.55824854047247,0.0,11.87713665182121,0.0,0.7710912492158042,0.0,0.3681026775562445,0.0,0.9941499560657896,0.0,""
"2023-02-22 12:42:31","git-master-aef83eb1482ea9360065ac8d8913aaf18edd4ce8","sub-ucl03/anat/sub-ucl03_T2w_seg.nii.gz","927","2","",70.29577224169242,0.0,0.7097862551035318,0.0,3.0349684169811977,0.0,7.4448061238648355,0.0,12.049909263516161,0.0,0.7859947356923832,0.0,0.5573680021198102,0.0,0.9837860117097503,0.0,""
"2023-02-22 12:42:31","git-master-aef83eb1482ea9360065ac8d8913aaf18edd4ce8","sub-ucl03/anat/sub-ucl03_T2w_seg.nii.gz","928","2","",70.08325945962103,0.0,0.704178316585424,0.0,3.0284998784756927,0.0,7.378499785851045,0.0,12.112386067462252,0.0,0.7930386317784863,0.0,0.9648314103634308,0.0,0.9778109904911403,0.0,""
"2023-02-22 12:42:31","git-master-aef83eb1482ea9360065ac8d8913aaf18edd4ce8","sub-ucl03/anat/sub-ucl03_T2w_seg.nii.gz","929","2","",69.72137018461609,0.0,0.6976472422405483,0.0,3.0262514816150707,0.0,7.345188702852945,0.0,12.097655805984143,0.0,0.7945808145912564,0.0,1.5250334771830891,0.0,0.9749082154687305,0.0,""
"2023-02-22 12:42:31","git-master-aef83eb1482ea9360065ac8d8913aaf18edd4ce8","sub-ucl03/anat/sub-ucl03_T2w_seg.nii.gz","930","2","",69.6571873666144,0.0,0.689269869440878,0.0,3.032443554116846,0.0,7.3962373789211435,0.0,12.02155966353309,0.0,0.7882032788859747,0.0,1.8808304197727197,0.0,0.9775426748152634,0.0,""
"2023-02-22 12:42:31","git-master-aef83eb1482ea9360065ac8d8913aaf18edd4ce8","sub-ucl03/anat/sub-ucl03_T2w_seg.nii.gz","931","2","",69.7206646751627,0.0,0.6803649803094165,0.0,3.041047141868029,0.0,7.464560075643319,0.0,11.94262463074553,0.0,0.7805970275420901,0.0,2.215121530527002,0.0,0.9805428962190041,0.0,""
"2023-02-22 12:42:31","git-master-aef83eb1482ea9360065ac8d8913aaf18edd4ce8","sub-ucl03/anat/sub-ucl03_T2w_seg.nii.gz","932","2","",70.80599615592868,0.0,0.6693499960000201,0.0,3.059296221510096,0.0,7.52003364317325,0.0,12.02866465876683,0.0,0.7804846466138766,0.0,2.9061369007043716,0.0,0.9704105069874132,0.0,""
"2023-02-22 12:42:31","git-master-aef83eb1482ea9360065ac8d8913aaf18edd4ce8","sub-ucl03/anat/sub-ucl03_T2w_seg.nii.gz","933","2","",71.89110421372595,0.0,0.6576755920127187,0.0,3.0805589696849456,0.0,7.6035641243255485,0.0,12.067073009433935,0.0,0.7763410502637178,0.0,3.5030615004849253,0.0,0.9642336366164228,0.0,""
"2023-02-22 12:42:31","git-master-aef83eb1482ea9360065ac8d8913aaf18edd4ce8","sub-ucl03/anat/sub-ucl03_T2w_seg.nii.gz","934","2","",72.9756760563983,0.0,0.6444185807984455,0.0,3.1090545223384742,0.0,7.754431198171526,0.0,11.991165334450976,0.0,0.7625225369008903,0.0,3.874168251313124,0.0,0.9675500115108738,0.0,""
"2023-02-22 12:42:31","git-master-aef83eb1482ea9360065ac8d8913aaf18edd4ce8","sub-ucl03/anat/sub-ucl03_T2w_seg.nii.gz","935","2","",73.10134025425559,0.0,0.6299745836206657,0.0,3.1429731049094887,0.0,7.8301493844980286,0.0,11.889238412956141,0.0,0.7524083883873816,0.0,3.9180637779759815,0.0,0.9660529145757958,0.0,""
"2023-02-22 12:42:31","git-master-aef83eb1482ea9360065ac8d8913aaf18edd4ce8","sub-ucl03/anat/sub-ucl03_T2w_seg.nii.gz","936","2","",72.37464210116617,0.0,0.6144754878086579,0.0,3.1817121585182684,0.0,7.839068559696111,0.0,11.76418327233964,0.0,0.7455870086288225,0.0,3.6711048831585367,0.0,0.9602771760144699,0.0,""
"2023-02-22 12:42:31","git-master-aef83eb1482ea9360065ac8d8913aaf18edd4ce8","sub-ucl03/anat/sub-ucl03_T2w_seg.nii.gz","937","2","",72.47802158182294,0.0,0.5972618087602678,0.0,3.228281291574444,0.0,7.8696151546554844,0.0,11.73735302888557,0.0,0.741923797004619,0.0,2.8884391783207635,0.0,0.962789612712198,0.0,""
"2023-02-22 12:42:31","git-master-aef83eb1482ea9360065ac8d8913aaf18edd4ce8","sub-ucl03/anat/sub-ucl03_T2w_seg.nii.gz","938","2","",72.83680956517084,0.0,0.5795205656391446,0.0,3.2772596798452027,0.0,7.906816340310641,0.0,11.740745830712248,0.0,0.7392323294217555,0.0,1.9409406088613517,0.0,0.9678522571819426,0.0,""
"2023-02-22 12:42:31","git-master-aef83eb1482ea9360065ac8d8913aaf18edd4ce8","sub-ucl03/anat/sub-ucl03_T2w_seg.nii.gz","939","1","",72.82949559697134,0.0,0.5442556433864006,0.0,3.3817518821450916,0.0,7.899563602760997,0.0,11.745377447589444,0.0,0.740035846587571,0.0,1.9969835858130216,0.0,0.969530982540226,0.0,""
"2023-02-22 12:42:31","git-master-aef83eb1482ea9360065ac8d8913aaf18edd4ce8","sub-ucl03/anat/sub-ucl03_T2w_seg.nii.gz","940","1","",71.77604138349875,0.0,0.5227946122526378,0.0,3.4488019224380966,0.0,7.821688013493324,0.0,11.677762748995448,0.0,0.7425521342003369,0.0,2.272018719323808,0.0,0.9643618972784026,0.0,""
"2023-02-22 12:42:31","git-master-aef83eb1482ea9360065ac8d8913aaf18edd4ce8","sub-ucl03/anat/sub-ucl03_T2w_seg.nii.gz","941","1","",70.9634836779077,0.0,0.5009602722764669,0.0,3.5175531352994738,0.0,7.766764893781408,0.0,11.617176537514462,0.0,0.7436419633133234,0.0,2.439142797130288,0.0,0.9604686952970813,0.0,""
"2023-02-22 12:42:31","git-master-aef83eb1482ea9360065ac8d8913aaf18edd4ce8","sub-ucl03/anat/sub-ucl03_T2w_seg.nii.gz","942","1","",71.30722921014804,0.0,0.47733404985673744,0.0,3.5944699764890395,0.0,7.822013627937138,0.0,11.590327064175932,0.0,0.7378847916273685,0.0,2.0882938075560955,0.0,0.9626997330621696,0.0,""
"2023-02-22 12:42:31","git-master-aef83eb1482ea9360065ac8d8913aaf18edd4ce8","sub-ucl03/anat/sub-ucl03_T2w_seg.nii.gz","943","1","",71.53008505497122,0.0,0.4529611906381712,0.0,3.674785704759073,0.0,7.82780825237968,0.0,11.608974883879503,0.0,0.7382957241620149,0.0,2.19040837286538,0.0,0.9652078995498862,0.0,""
"2023-02-22 12:42:31","git-master-aef83eb1482ea9360065ac8d8913aaf18edd4ce8","sub-ucl03/anat/sub-ucl03_T2w_seg.nii.gz","944","1","",71.52325049370187,0.0,0.4271697215018151,0.0,3.7615593184819938,0.0,7.739640068367166,0.0,11.714067560363066,0.0,0.7504260547158043,0.0,3.15315369245327,0.0,0.9682426106105965,0.0,""
"2023-02-22 12:42:31","git-master-aef83eb1482ea9360065ac8d8913aaf18edd4ce8","sub-ucl03/anat/sub-ucl03_T2w_seg.nii.gz","945","1","",71.5158106843792,0.0,0.40025827312948364,0.0,3.8534250453973615,0.0,7.70946040318917,0.0,11.773496041481593,0.0,0.7557896582193062,0.0,3.7112211597682556,0.0,0.9691990768913847,0.0,""
"2023-02-22 12:42:31","git-master-aef83eb1482ea9360065ac8d8913aaf18edd4ce8","sub-ucl03/anat/sub-ucl03_T2w_seg.nii.gz","946","1","",71.50780597687348,0.0,0.3723015108035752,0.0,3.950043411292347,0.0,7.733403355590057,0.0,11.790304606926085,0.0,0.7548376498092066,0.0,3.8915892982951967,0.0,0.9682158480442458,0.0,""
"2023-02-22 12:42:31","git-master-aef83eb1482ea9360065ac8d8913aaf18edd4ce8","sub-ucl03/anat/sub-ucl03_T2w_seg.nii.gz","947","1","",71.25804680766856,0.0,0.34285141950272024,0.0,4.0534414240314804,0.0,7.7654564982046645,0.0,11.722026211347812,0.0,0.748956146405371,0.0,3.708395421506812,0.0,0.9614719670190086,0.0,""
"2023-02-22 12:42:31","git-master-aef83eb1482ea9360065ac8d8913aaf18edd4ce8","sub-ucl03/anat/sub-ucl03_T2w_seg.nii.gz","948","1","",70.899498130699,0.0,0.3127293301631393,0.0,4.159890277850482,0.0,7.801159226415445,0.0,11.615458683309296,0.0,0.7408563702543541,0.0,3.361598637826531,0.0,0.9521357925136271,0.0,""
"2023-02-22 12:42:31","git-master-aef83eb1482ea9360065ac8d8913aaf18edd4ce8","sub-ucl03/anat/sub-ucl03_T2w_seg.nii.gz","949","1","",70.84088285025727,0.0,0.28074056479957915,0.0,4.274799218766706,0.0,7.743595725616816,0.0,11.63217954092493,0.0,0.7461272186723144,0.0,2.9044069101157253,0.0,0.9486463986689917,0.0,""
"2023-02-22 12:42:31","git-master-aef83eb1482ea9360065ac8d8913aaf18edd4ce8","sub-ucl03/anat/sub-ucl03_T2w_seg.nii.gz","950","1","",70.80613103362117,0.0,0.24837846436180905,0.0,4.391399500743015,0.0,7.6751529348810665,0.0,11.662701086239304,0.0,0.7529186710636638,0.0,2.476023920253882,0.0,0.9462946827972065,0.0,""
"2023-02-22 12:42:31","git-master-aef83eb1482ea9360065ac8d8913aaf18edd4ce8","sub-ucl03/anat/sub-ucl03_T2w_seg.nii.gz","951","1","",70.09585458709837,0.0,0.21392569043358975,0.0,4.5174561422061466,0.0,7.719922731868103,0.0,11.527309919387754,0.0,0.7423866366408942,0.0,3.3488549394197302,0.0,0.9496043728050849,0.0,""
"2023-02-22 12:42:31","git-master-aef83eb1482ea9360065ac8d8913aaf18edd4ce8","sub-ucl03/anat/sub-ucl03_T2w_seg.nii.gz","952","1","",69.45751799881158,0.0,0.1790249211194946,0.0,4.645534434951014,0.0,7.752404034364396,0.0,11.41180765812646,0.0,0.7338300458711196,0.0,3.8974183969377267,0.0,0.953862350566624,0.0,""
"2023-02-22 12:42:31","git-master-aef83eb1482ea9360065ac8d8913aaf18edd4ce8","sub-ucl03/anat/sub-ucl03_T2w_seg.nii.gz","953","1","",69.09495086709612,0.0,0.14240683615954206,0.0,4.7813623909425385,0.0,7.737779441312831,0.0,11.372546201627799,0.0,0.7328459891044925,0.0,3.2029562014722996,0.0,0.9617554313838631,0.0,""
"2023-02-22 12:42:31","git-master-aef83eb1482ea9360065ac8d8913aaf18edd4ce8","sub-ucl03/anat/sub-ucl03_T2w_seg.nii.gz","954","1","",69.26097360982384,0.0,0.10496744903921403,0.0,4.920886737799466,0.0,7.765653085469229,0.0,11.35159293068346,0.0,0.7293434156189655,0.0,2.3592263648672587,0.0,0.9652006211443179,0.0,""
"2023-02-22 12:42:31","git-master-aef83eb1482ea9360065ac8d8913aaf18edd4ce8","sub-ucl03/anat/sub-ucl03_T2w_seg.nii.gz","955","1","",70.2919616016404,0.0,0.06618411292918064,0.0,5.06645972425433,0.0,7.863069299602291,0.0,11.360598508828005,0.0,0.721719632957057,0.0,1.271240388215575,0.0,0.9613674437209438,0.0,""
"2023-02-22 12:42:31","git-master-aef83eb1482ea9360065ac8d8913aaf18edd4ce8","sub-ucl03/anat/sub-ucl03_T2w_seg.nii.gz","956","1","",70.74428727848604,0.0,0.02620620825844136,0.0,5.21739263189583,0.0,7.911875803860364,0.0,11.372189852660902,0.0,0.7183121640622748,0.0,1.414480788035978,0.0,0.9594011262867302,0.0,""
"2023-02-22 12:42:31","git-master-aef83eb1482ea9360065ac8d8913aaf18edd4ce8","sub-ucl03/anat/sub-ucl03_T2w_seg.nii.gz","957","1","",70.72644982441783,0.0,-0.014742283367871423,0.0,5.37268047550147,0.0,7.921186918845009,0.0,11.385882131115588,0.0,0.7183304501032829,0.0,2.558092618739953,0.0,0.9589516325937096,0.0,""
"2023-02-22 12:42:31","git-master-aef83eb1482ea9360065ac8d8913aaf18edd4ce8","sub-ucl03/anat/sub-ucl03_T2w_seg.nii.gz","958","1","",70.45466478758034,0.0,-0.05725854707091803,0.0,5.534978260918675,0.0,7.914136286226088,0.0,11.317887129586584,0.0,0.7148076636556921,0.0,2.0160534881552152,0.0,0.9621944972853724,0.0,""
"2023-02-22 12:42:31","git-master-aef83eb1482ea9360065ac8d8913aaf18edd4ce8","sub-ucl03/anat/sub-ucl03_T2w_seg.nii.gz","959","1","",70.0861378144498,0.0,-0.10037205727938706,0.0,5.6999465003593315,0.0,7.900852606901047,0.0,11.21877316425427,0.0,0.7099358972124449,0.0,0.8318616104128673,0.0,0.9668439746950099,0.0,""
"2023-02-22 12:42:31","git-master-aef83eb1482ea9360065ac8d8913aaf18edd4ce8","sub-ucl03/anat/sub-ucl03_T2w_seg.nii.gz","960","1","",70.34019550604494,0.0,-0.145426453583789,0.0,5.873558599346667,0.0,7.984983231496064,0.0,11.202239589722515,0.0,0.7012634759331464,0.0,0.512690799118422,0.0,0.9656436364078478,0.0,""
"2023-02-22 12:42:31","git-master-aef83eb1482ea9360065ac8d8913aaf18edd4ce8","sub-ucl03/anat/sub-ucl03_T2w_seg.nii.gz","961","1","",70.73787778353093,0.0,-0.19085408084121938,0.0,6.048829923094011,0.0,8.076383063403135,0.0,11.20804297478841,0.0,0.6933367908674778,0.0,0.40352344756003394,0.0,0.9646750532082411,0.0,""
"2023-02-22 12:42:31","git-master-aef83eb1482ea9360065ac8d8913aaf18edd4ce8","sub-ucl03/anat/sub-ucl03_T2w_seg.nii.gz","962","1","",72.10469662741312,0.0,-0.23829702262279406,0.0,6.23303630757684,0.0,8.114175682147465,0.0,11.386760474906325,0.0,0.7013977954881191,0.0,1.7819661412406678,0.0,0.9759473766029565,0.0,""
"2023-02-22 12:42:31","git-master-aef83eb1482ea9360065ac8d8913aaf18edd4ce8","sub-ucl03/anat/sub-ucl03_T2w_seg.nii.gz","963","1","",73.05062467294933,0.0,-0.28626238161739626,0.0,6.419547143024625,0.0,8.126093656122501,0.0,11.508026319481845,0.0,0.7080902878592868,0.0,2.923928385210865,0.0,0.9834853856416472,0.0,""
