Timestamp,SCT Version,Filename,Slice (I->S),VertLevel,DistancePMJ,MEAN(area),STD(area),MEAN(angle_AP),STD(angle_AP),MEAN(angle_RL),STD(angle_RL),MEAN(diameter_AP),STD(diameter_AP),MEAN(diameter_RL),STD(diameter_RL),MEAN(eccentricity),STD(eccentricity),MEAN(orientation),STD(orientation),MEAN(solidity),STD(solidity),SUM(length)
"2025-12-17 18:47:24","7.1","/data/T1w_seg.nii.gz","40","20","","","","","","","","","","","","","","","","","",""
"2025-12-17 18:47:24","7.1","/data/T1w_seg.nii.gz","41","20","","","","","","","","","","","","","","","","","",""
"2025-12-17 18:47:24","7.1","/data/T1w_seg.nii.gz","42","20","","","","","","","","","","","","","","","","","",""
"2025-12-17 18:47:24","7.1","/data/T1w_seg.nii.gz","43","20","","","","","","","","","","","","","","","","","",""
"2025-12-17 18:47:24","7.1","/data/T1w_seg.nii.gz","44","20","","","","","","","","","","","","","","","","","",""
"2025-12-17 18:47:24","7.1","/data/T1w_seg.nii.gz","45","20","","","","","","","","","","","","","","","","","",""
"2025-12-17 18:47:24","7.1","/data/T1w_seg.nii.gz","46","20","","","","","","","","","","","","","","","","","",""
"2025-12-17 18:47:24","7.1","/data/T1w_seg.nii.gz","47","20","","","","","","","","","","","","","","","","","",""
"2025-12-17 18:47:24","7.1","/data/T1w_seg.nii.gz","48","20","","","","","","","","","","","","","","","","","",""
"2025-12-17 18:47:24","7.1","/data/T1w_seg.nii.gz","49","20","","","","","","","","","","","","","","","","","",""
"2025-12-17 18:47:24","7.1","/data/T1w_seg.nii.gz","50","20","","","","","","","","","","","","","","","","","",""
"2025-12-17 18:47:24","7.1","/data/T1w_seg.nii.gz","51","20","","","","","","","","","","","","","","","","","",""
"2025-12-17 18:47:24","7.1","/data/T1w_seg.nii.gz","52","20","","","","","","","","","","","","","","","","","",""
"2025-12-17 18:47:24","7.1","/data/T1w_seg.nii.gz","53","20","","","","","","","","","","","","","","","","","",""
"2025-12-17 18:47:24","7.1","/data/T1w_seg.nii.gz","54","20","","","","","","","","","","","","","","","","","",""
"2025-12-17 18:47:24","7.1","/data/T1w_seg.nii.gz","55","20","","","","","","","","","","","","","","","","","",""
"2025-12-17 18:47:24","7.1","/data/T1w_seg.nii.gz","56","20","","","","","","","","","","","","","","","","","",""
"2025-12-17 18:47:24","7.1","/data/T1w_seg.nii.gz","57","20","","","","","","","","","","","","","","","","","",""
"2025-12-17 18:47:24","7.1","/data/T1w_seg.nii.gz","58","20","","","","","","","","","","","","","","","","","",""
"2025-12-17 18:47:24","7.1","/data/T1w_seg.nii.gz","59","20","","","","","","","","","","","","","","","","","",""
"2025-12-17 18:47:24","7.1","/data/T1w_seg.nii.gz","60","20","","","","","","","","","","","","","","","","","",""
"2025-12-17 18:47:24","7.1","/data/T1w_seg.nii.gz","61","20","","","","","","","","","","","","","","","","","",""
"2025-12-17 18:47:24","7.1","/data/T1w_seg.nii.gz","62","20","","","","","","","","","","","","","","","","","",""
"2025-12-17 18:47:24","7.1","/data/T1w_seg.nii.gz","63","20","","","","","","","","","","","","","","","","","",""
"2025-12-17 18:47:24","7.1","/data/T1w_seg.nii.gz","64","20","","","","","","","","","","","","","","","","","",""
"2025-12-17 18:47:24","7.1","/data/T1w_seg.nii.gz","65","20","","","","","","","","","","","","","","","","","",""
"2025-12-17 18:47:24","7.1","/data/T1w_seg.nii.gz","66","20","","","","","","","","","","","","","","","","","",""
"2025-12-17 18:47:24","7.1","/data/T1w_seg.nii.gz","67","20","","","","","","","","","","","","","","","","","",""
"2025-12-17 18:47:24","7.1","/data/T1w_seg.nii.gz","68","20","","","","","","","","","","","","","","","","","",""
"2025-12-17 18:47:24","7.1","/data/T1w_seg.nii.gz","69","20","","","","","","","","","","","","","","","","","",""
"2025-12-17 18:47:24","7.1","/data/T1w_seg.nii.gz","70","20","","","","","","","","","","","","","","","","","",""
"2025-12-17 18:47:24","7.1","/data/T1w_seg.nii.gz","71","20","","","","","","","","","","","","","","","","","",""
"2025-12-17 18:47:24","7.1","/data/T1w_seg.nii.gz","72","20","","","","","","","","","","","","","","","","","",""
"2025-12-17 18:47:24","7.1","/data/T1w_seg.nii.gz","73","20","","","","","","","","","","","","","","","","","",""
"2025-12-17 18:47:24","7.1","/data/T1w_seg.nii.gz","74","20","","","","","","","","","","","","","","","","","",""
"2025-12-17 18:47:24","7.1","/data/T1w_seg.nii.gz","75","20","","","","","","","","","","","","","","","","","",""
"2025-12-17 18:47:24","7.1","/data/T1w_seg.nii.gz","76","20","","","","","","","","","","","","","","","","","",""
"2025-12-17 18:47:24","7.1","/data/T1w_seg.nii.gz","77","20","","","","","","","","","","","","","","","","","",""
"2025-12-17 18:47:24","7.1","/data/T1w_seg.nii.gz","78","20","","","","","","","","","","","","","","","","","",""
"2025-12-17 18:47:24","7.1","/data/T1w_seg.nii.gz","79","20","","","","","","","","","","","","","","","","","",""
"2025-12-17 18:47:24","7.1","/data/T1w_seg.nii.gz","80","20","","","","","","","","","","","","","","","","","",""
"2025-12-17 18:47:24","7.1","/data/T1w_seg.nii.gz","81","20","","","","","","","","","","","","","","","","","",""
"2025-12-17 18:47:24","7.1","/data/T1w_seg.nii.gz","82","20","","","","","","","","","","","","","","","","","",""
"2025-12-17 18:47:24","7.1","/data/T1w_seg.nii.gz","83","20","","","","","","","","","","","","","","","","","",""
"2025-12-17 18:47:24","7.1","/data/T1w_seg.nii.gz","84","20","","","","","","","","","","","","","","","","","",""
"2025-12-17 18:47:24","7.1","/data/T1w_seg.nii.gz","85","20","","","","","","","","","","","","","","","","","",""
"2025-12-17 18:47:24","7.1","/data/T1w_seg.nii.gz","86","20","","","","","","","","","","","","","","","","","",""
"2025-12-17 18:47:24","7.1","/data/T1w_seg.nii.gz","87","20","","","","","","","","","","","","","","","","","",""
"2025-12-17 18:47:24","7.1","/data/T1w_seg.nii.gz","88","20","","","","","","","","","","","","","","","","","",""
"2025-12-17 18:47:24","7.1","/data/T1w_seg.nii.gz","89","20","","","","","","","","","","","","","","","","","",""
"2025-12-17 18:47:24","7.1","/data/T1w_seg.nii.gz","90","20","","","","","","","","","","","","","","","","","",""
"2025-12-17 18:47:24","7.1","/data/T1w_seg.nii.gz","91","20","","","","","","","","","","","","","","","","","",""
"2025-12-17 18:47:24","7.1","/data/T1w_seg.nii.gz","92","20","","","","","","","","","","","","","","","","","",""
"2025-12-17 18:47:24","7.1","/data/T1w_seg.nii.gz","93","20","","","","","","","","","","","","","","","","","",""
"2025-12-17 18:47:24","7.1","/data/T1w_seg.nii.gz","94","20","","","","","","","","","","","","","","","","","",""
"2025-12-17 18:47:24","7.1","/data/T1w_seg.nii.gz","95","20","","","","","","","","","","","","","","","","","",""
"2025-12-17 18:47:24","7.1","/data/T1w_seg.nii.gz","96","20","","","","","","","","","","","","","","","","","",""
"2025-12-17 18:47:24","7.1","/data/T1w_seg.nii.gz","97","20","","","","","","","","","","","","","","","","","",""
"2025-12-17 18:47:24","7.1","/data/T1w_seg.nii.gz","98","20","","","","","","","","","","","","","","","","","",""
"2025-12-17 18:47:24","7.1","/data/T1w_seg.nii.gz","99","20","","","","","","","","","","","","","","","","","",""
"2025-12-17 18:47:24","7.1","/data/T1w_seg.nii.gz","100","20","","","","","","","","","","","","","","","","","",""
"2025-12-17 18:47:24","7.1","/data/T1w_seg.nii.gz","101","20","","","","","","","","","","","","","","","","","",""
"2025-12-17 18:47:24","7.1","/data/T1w_seg.nii.gz","102","20","","","","","","","","","","","","","","","","","",""
"2025-12-17 18:47:24","7.1","/data/T1w_seg.nii.gz","103","20","","","","","","","","","","","","","","","","","",""
"2025-12-17 18:47:24","7.1","/data/T1w_seg.nii.gz","104","20","","","","","","","","","","","","","","","","","",""
"2025-12-17 18:47:24","7.1","/data/T1w_seg.nii.gz","105","20","","","","","","","","","","","","","","","","","",""
"2025-12-17 18:47:24","7.1","/data/T1w_seg.nii.gz","106","19","","","","","","","","","","","","","","","","","",""
"2025-12-17 18:47:24","7.1","/data/T1w_seg.nii.gz","107","19","","","","","","","","","","","","","","","","","",""
"2025-12-17 18:47:24","7.1","/data/T1w_seg.nii.gz","108","19","","","","","","","","","","","","","","","","","",""
"2025-12-17 18:47:24","7.1","/data/T1w_seg.nii.gz","109","19","","","","","","","","","","","","","","","","","",""
"2025-12-17 18:47:24","7.1","/data/T1w_seg.nii.gz","110","19","","","","","","","","","","","","","","","","","",""
"2025-12-17 18:47:24","7.1","/data/T1w_seg.nii.gz","111","19","","","","","","","","","","","","","","","","","",""
"2025-12-17 18:47:24","7.1","/data/T1w_seg.nii.gz","112","19","","","","","","","","","","","","","","","","","",""
"2025-12-17 18:47:24","7.1","/data/T1w_seg.nii.gz","113","19","","","","","","","","","","","","","","","","","",""
"2025-12-17 18:47:24","7.1","/data/T1w_seg.nii.gz","114","19","","","","","","","","","","","","","","","","","",""
"2025-12-17 18:47:24","7.1","/data/T1w_seg.nii.gz","115","19","","","","","","","","","","","","","","","","","",""
"2025-12-17 18:47:24","7.1","/data/T1w_seg.nii.gz","116","19","","","","","","","","","","","","","","","","","",""
"2025-12-17 18:47:24","7.1","/data/T1w_seg.nii.gz","117","19","","","","","","","","","","","","","","","","","",""
"2025-12-17 18:47:24","7.1","/data/T1w_seg.nii.gz","118","19","","","","","","","","","","","","","","","","","",""
"2025-12-17 18:47:24","7.1","/data/T1w_seg.nii.gz","119","19","","","","","","","","","","","","","","","","","",""
"2025-12-17 18:47:24","7.1","/data/T1w_seg.nii.gz","120","19","","","","","","","","","","","","","","","","","",""
"2025-12-17 18:47:24","7.1","/data/T1w_seg.nii.gz","121","19","","","","","","","","","","","","","","","","","",""
"2025-12-17 18:47:24","7.1","/data/T1w_seg.nii.gz","122","19","","","","","","","","","","","","","","","","","",""
"2025-12-17 18:47:24","7.1","/data/T1w_seg.nii.gz","123","19","","","","","","","","","","","","","","","","","",""
"2025-12-17 18:47:24","7.1","/data/T1w_seg.nii.gz","124","19","","","","","","","","","","","","","","","","","",""
"2025-12-17 18:47:24","7.1","/data/T1w_seg.nii.gz","125","19","","","","","","","","","","","","","","","","","",""
"2025-12-17 18:47:24","7.1","/data/T1w_seg.nii.gz","126","19","","","","","","","","","","","","","","","","","",""
"2025-12-17 18:47:24","7.1","/data/T1w_seg.nii.gz","127","19","","","","","","","","","","","","","","","","","",""
"2025-12-17 18:47:24","7.1","/data/T1w_seg.nii.gz","128","19","","","","","","","","","","","","","","","","","",""
"2025-12-17 18:47:24","7.1","/data/T1w_seg.nii.gz","129","19","","","","","","","","","","","","","","","","","",""
"2025-12-17 18:47:24","7.1","/data/T1w_seg.nii.gz","130","19","","","","","","","","","","","","","","","","","",""
"2025-12-17 18:47:24","7.1","/data/T1w_seg.nii.gz","131","19","","","","","","","","","","","","","","","","","",""
"2025-12-17 18:47:24","7.1","/data/T1w_seg.nii.gz","132","19","","","","","","","","","","","","","","","","","",""
"2025-12-17 18:47:24","7.1","/data/T1w_seg.nii.gz","133","19","","","","","","","","","","","","","","","","","",""
"2025-12-17 18:47:24","7.1","/data/T1w_seg.nii.gz","134","19","","","","","","","","","","","","","","","","","",""
"2025-12-17 18:47:24","7.1","/data/T1w_seg.nii.gz","135","19","","","","","","","","","","","","","","","","","",""
"2025-12-17 18:47:24","7.1","/data/T1w_seg.nii.gz","136","19","","","","","","","","","","","","","","","","","",""
"2025-12-17 18:47:24","7.1","/data/T1w_seg.nii.gz","137","19","","","","","","","","","","","","","","","","","",""
"2025-12-17 18:47:24","7.1","/data/T1w_seg.nii.gz","138","19","","","","","","","","","","","","","","","","","",""
"2025-12-17 18:47:24","7.1","/data/T1w_seg.nii.gz","139","19","","","","","","","","","","","","","","","","","",""
"2025-12-17 18:47:24","7.1","/data/T1w_seg.nii.gz","140","19","","","","","","","","","","","","","","","","","",""
"2025-12-17 18:47:24","7.1","/data/T1w_seg.nii.gz","141","19","","","","","","","","","","","","","","","","","",""
"2025-12-17 18:47:24","7.1","/data/T1w_seg.nii.gz","142","19","","","","","","","","","","","","","","","","","",""
"2025-12-17 18:47:24","7.1","/data/T1w_seg.nii.gz","143","19","","","","","","","","","","","","","","","","","",""
"2025-12-17 18:47:24","7.1","/data/T1w_seg.nii.gz","144","19","","","","","","","","","","","","","","","","","",""
"2025-12-17 18:47:24","7.1","/data/T1w_seg.nii.gz","145","19","","","","","","","","","","","","","","","","","",""
"2025-12-17 18:47:24","7.1","/data/T1w_seg.nii.gz","146","19","","","","","","","","","","","","","","","","","",""
"2025-12-17 18:47:24","7.1","/data/T1w_seg.nii.gz","147","19","","","","","","","","","","","","","","","","","",""
"2025-12-17 18:47:24","7.1","/data/T1w_seg.nii.gz","148","19","","","","","","","","","","","","","","","","","",""
"2025-12-17 18:47:24","7.1","/data/T1w_seg.nii.gz","149","19","","","","","","","","","","","","","","","","","",""
"2025-12-17 18:47:24","7.1","/data/T1w_seg.nii.gz","150","19","","","","","","","","","","","","","","","","","",""
"2025-12-17 18:47:24","7.1","/data/T1w_seg.nii.gz","151","19","","","","","","","","","","","","","","","","","",""
"2025-12-17 18:47:24","7.1","/data/T1w_seg.nii.gz","152","19","","","","","","","","","","","","","","","","","",""
"2025-12-17 18:47:24","7.1","/data/T1w_seg.nii.gz","153","19","","","","","","","","","","","","","","","","","",""
"2025-12-17 18:47:24","7.1","/data/T1w_seg.nii.gz","154","19","","","","","","","","","","","","","","","","","",""
"2025-12-17 18:47:24","7.1","/data/T1w_seg.nii.gz","155","19","","","","","","","","","","","","","","","","","",""
"2025-12-17 18:47:24","7.1","/data/T1w_seg.nii.gz","156","19","","","","","","","","","","","","","","","","","",""
"2025-12-17 18:47:24","7.1","/data/T1w_seg.nii.gz","157","19","","","","","","","","","","","","","","","","","",""
"2025-12-17 18:47:24","7.1","/data/T1w_seg.nii.gz","158","19","","","","","","","","","","","","","","","","","",""
"2025-12-17 18:47:24","7.1","/data/T1w_seg.nii.gz","159","19","","","","","","","","","","","","","","","","","",""
"2025-12-17 18:47:24","7.1","/data/T1w_seg.nii.gz","160","19","","","","","","","","","","","","","","","","","",""
"2025-12-17 18:47:24","7.1","/data/T1w_seg.nii.gz","161","19","","","","","","","","","","","","","","","","","",""
"2025-12-17 18:47:24","7.1","/data/T1w_seg.nii.gz","162","19","","","","","","","","","","","","","","","","","",""
"2025-12-17 18:47:24","7.1","/data/T1w_seg.nii.gz","163","19","","","","","","","","","","","","","","","","","",""
"2025-12-17 18:47:24","7.1","/data/T1w_seg.nii.gz","164","19","","","","","","","","","","","","","","","","","",""
"2025-12-17 18:47:24","7.1","/data/T1w_seg.nii.gz","165","19","","","","","","","","","","","","","","","","","",""
"2025-12-17 18:47:24","7.1","/data/T1w_seg.nii.gz","166","19","","","","","","","","","","","","","","","","","",""
"2025-12-17 18:47:24","7.1","/data/T1w_seg.nii.gz","167","19","","","","","","","","","","","","","","","","","",""
"2025-12-17 18:47:24","7.1","/data/T1w_seg.nii.gz","168","19","","","","","","","","","","","","","","","","","",""
"2025-12-17 18:47:24","7.1","/data/T1w_seg.nii.gz","169","18","","","","","","","","","","","","","","","","","",""
"2025-12-17 18:47:24","7.1","/data/T1w_seg.nii.gz","170","18","","","","","","","","","","","","","","","","","",""
"2025-12-17 18:47:24","7.1","/data/T1w_seg.nii.gz","171","18","","","","","","","","","","","","","","","","","",""
"2025-12-17 18:47:24","7.1","/data/T1w_seg.nii.gz","172","18","","","","","","","","","","","","","","","","","",""
"2025-12-17 18:47:24","7.1","/data/T1w_seg.nii.gz","173","18","","","","","","","","","","","","","","","","","",""
"2025-12-17 18:47:24","7.1","/data/T1w_seg.nii.gz","174","18","","","","","","","","","","","","","","","","","",""
"2025-12-17 18:47:24","7.1","/data/T1w_seg.nii.gz","175","18","","","","","","","","","","","","","","","","","",""
"2025-12-17 18:47:24","7.1","/data/T1w_seg.nii.gz","176","18","","","","","","","","","","","","","","","","","",""
"2025-12-17 18:47:24","7.1","/data/T1w_seg.nii.gz","177","18","","","","","","","","","","","","","","","","","",""
"2025-12-17 18:47:24","7.1","/data/T1w_seg.nii.gz","178","18","","","","","","","","","","","","","","","","","",""
"2025-12-17 18:47:24","7.1","/data/T1w_seg.nii.gz","179","18","","","","","","","","","","","","","","","","","",""
"2025-12-17 18:47:24","7.1","/data/T1w_seg.nii.gz","180","18","","","","","","","","","","","","","","","","","",""
"2025-12-17 18:47:24","7.1","/data/T1w_seg.nii.gz","181","18","","","","","","","","","","","","","","","","","",""
"2025-12-17 18:47:24","7.1","/data/T1w_seg.nii.gz","182","18","","","","","","","","","","","","","","","","","",""
"2025-12-17 18:47:24","7.1","/data/T1w_seg.nii.gz","183","18","","","","","","","","","","","","","","","","","",""
"2025-12-17 18:47:24","7.1","/data/T1w_seg.nii.gz","184","18","","","","","","","","","","","","","","","","","",""
"2025-12-17 18:47:24","7.1","/data/T1w_seg.nii.gz","185","18","","","","","","","","","","","","","","","","","",""
"2025-12-17 18:47:24","7.1","/data/T1w_seg.nii.gz","186","18","","","","","","","","","","","","","","","","","",""
"2025-12-17 18:47:24","7.1","/data/T1w_seg.nii.gz","187","18","","","","","","","","","","","","","","","","","",""
"2025-12-17 18:47:24","7.1","/data/T1w_seg.nii.gz","188","18","","","","","","","","","","","","","","","","","",""
"2025-12-17 18:47:24","7.1","/data/T1w_seg.nii.gz","189","18","","","","","","","","","","","","","","","","","",""
"2025-12-17 18:47:24","7.1","/data/T1w_seg.nii.gz","190","18","","","","","","","","","","","","","","","","","",""
"2025-12-17 18:47:24","7.1","/data/T1w_seg.nii.gz","191","18","","","","","","","","","","","","","","","","","",""
"2025-12-17 18:47:24","7.1","/data/T1w_seg.nii.gz","192","18","","","","","","","","","","","","","","","","","",""
"2025-12-17 18:47:24","7.1","/data/T1w_seg.nii.gz","193","18","","","","","","","","","","","","","","","","","",""
"2025-12-17 18:47:24","7.1","/data/T1w_seg.nii.gz","194","18","","","","","","","","","","","","","","","","","",""
"2025-12-17 18:47:24","7.1","/data/T1w_seg.nii.gz","195","18","","","","","","","","","","","","","","","","","",""
"2025-12-17 18:47:24","7.1","/data/T1w_seg.nii.gz","196","18","","","","","","","","","","","","","","","","","",""
"2025-12-17 18:47:24","7.1","/data/T1w_seg.nii.gz","197","18","","","","","","","","","","","","","","","","","",""
"2025-12-17 18:47:24","7.1","/data/T1w_seg.nii.gz","198","18","","","","","","","","","","","","","","","","","",""
"2025-12-17 18:47:24","7.1","/data/T1w_seg.nii.gz","199","18","","","","","","","","","","","","","","","","","",""
"2025-12-17 18:47:24","7.1","/data/T1w_seg.nii.gz","200","18","","","","","","","","","","","","","","","","","",""
"2025-12-17 18:47:24","7.1","/data/T1w_seg.nii.gz","201","18","","","","","","","","","","","","","","","","","",""
"2025-12-17 18:47:24","7.1","/data/T1w_seg.nii.gz","202","18","","","","","","","","","","","","","","","","","",""
"2025-12-17 18:47:24","7.1","/data/T1w_seg.nii.gz","203","18","","","","","","","","","","","","","","","","","",""
"2025-12-17 18:47:24","7.1","/data/T1w_seg.nii.gz","204","18","","","","","","","","","","","","","","","","","",""
"2025-12-17 18:47:24","7.1","/data/T1w_seg.nii.gz","205","18","","","","","","","","","","","","","","","","","",""
"2025-12-17 18:47:24","7.1","/data/T1w_seg.nii.gz","206","18","","","","","","","","","","","","","","","","","",""
"2025-12-17 18:47:24","7.1","/data/T1w_seg.nii.gz","207","18","","","","","","","","","","","","","","","","","",""
"2025-12-17 18:47:24","7.1","/data/T1w_seg.nii.gz","208","18","","","","","","","","","","","","","","","","","",""
"2025-12-17 18:47:24","7.1","/data/T1w_seg.nii.gz","209","18","","","","","","","","","","","","","","","","","",""
"2025-12-17 18:47:24","7.1","/data/T1w_seg.nii.gz","210","18","","","","","","","","","","","","","","","","","",""
"2025-12-17 18:47:24","7.1","/data/T1w_seg.nii.gz","211","18","","","","","","","","","","","","","","","","","",""
"2025-12-17 18:47:24","7.1","/data/T1w_seg.nii.gz","212","18","","","","","","","","","","","","","","","","","",""
"2025-12-17 18:47:24","7.1","/data/T1w_seg.nii.gz","213","18","","","","","","","","","","","","","","","","","",""
"2025-12-17 18:47:24","7.1","/data/T1w_seg.nii.gz","214","18","","","","","","","","","","","","","","","","","",""
"2025-12-17 18:47:24","7.1","/data/T1w_seg.nii.gz","215","18","","","","","","","","","","","","","","","","","",""
"2025-12-17 18:47:24","7.1","/data/T1w_seg.nii.gz","216","18","","","","","","","","","","","","","","","","","",""
"2025-12-17 18:47:24","7.1","/data/T1w_seg.nii.gz","217","18","","","","","","","","","","","","","","","","","",""
"2025-12-17 18:47:24","7.1","/data/T1w_seg.nii.gz","218","18","","","","","","","","","","","","","","","","","",""
"2025-12-17 18:47:24","7.1","/data/T1w_seg.nii.gz","219","18","","","","","","","","","","","","","","","","","",""
"2025-12-17 18:47:24","7.1","/data/T1w_seg.nii.gz","220","18","","","","","","","","","","","","","","","","","",""
"2025-12-17 18:47:24","7.1","/data/T1w_seg.nii.gz","221","18","","","","","","","","","","","","","","","","","",""
"2025-12-17 18:47:24","7.1","/data/T1w_seg.nii.gz","222","18","","","","","","","","","","","","","","","","","",""
"2025-12-17 18:47:24","7.1","/data/T1w_seg.nii.gz","223","18","","","","","","","","","","","","","","","","","",""
"2025-12-17 18:47:24","7.1","/data/T1w_seg.nii.gz","224","18","","","","","","","","","","","","","","","","","",""
"2025-12-17 18:47:24","7.1","/data/T1w_seg.nii.gz","225","18","","","","","","","","","","","","","","","","","",""
"2025-12-17 18:47:24","7.1","/data/T1w_seg.nii.gz","226","18","","","","","","","","","","","","","","","","","",""
"2025-12-17 18:47:24","7.1","/data/T1w_seg.nii.gz","227","18","","","","","","","","","","","","","","","","","",""
"2025-12-17 18:47:24","7.1","/data/T1w_seg.nii.gz","228","18","","","","","","","","","","","","","","","","","",""
"2025-12-17 18:47:24","7.1","/data/T1w_seg.nii.gz","229","18","","","","","","","","","","","","","","","","","",""
"2025-12-17 18:47:24","7.1","/data/T1w_seg.nii.gz","230","18","","","","","","","","","","","","","","","","","",""
"2025-12-17 18:47:24","7.1","/data/T1w_seg.nii.gz","231","18","","","","","","","","","","","","","","","","","",""
"2025-12-17 18:47:24","7.1","/data/T1w_seg.nii.gz","232","17","","","","","","","","","","","","","","","","","",""
"2025-12-17 18:47:24","7.1","/data/T1w_seg.nii.gz","233","17","","","","","","","","","","","","","","","","","",""
"2025-12-17 18:47:24","7.1","/data/T1w_seg.nii.gz","234","17","","","","","","","","","","","","","","","","","",""
"2025-12-17 18:47:24","7.1","/data/T1w_seg.nii.gz","235","17","","","","","","","","","","","","","","","","","",""
"2025-12-17 18:47:24","7.1","/data/T1w_seg.nii.gz","236","17","","","","","","","","","","","","","","","","","",""
"2025-12-17 18:47:24","7.1","/data/T1w_seg.nii.gz","237","17","","","","","","","","","","","","","","","","","",""
"2025-12-17 18:47:24","7.1","/data/T1w_seg.nii.gz","238","17","","","","","","","","","","","","","","","","","",""
"2025-12-17 18:47:24","7.1","/data/T1w_seg.nii.gz","239","17","","","","","","","","","","","","","","","","","",""
"2025-12-17 18:47:24","7.1","/data/T1w_seg.nii.gz","240","17","","","","","","","","","","","","","","","","","",""
"2025-12-17 18:47:24","7.1","/data/T1w_seg.nii.gz","241","17","","","","","","","","","","","","","","","","","",""
"2025-12-17 18:47:24","7.1","/data/T1w_seg.nii.gz","242","17","","","","","","","","","","","","","","","","","",""
"2025-12-17 18:47:24","7.1","/data/T1w_seg.nii.gz","243","17","","","","","","","","","","","","","","","","","",""
"2025-12-17 18:47:24","7.1","/data/T1w_seg.nii.gz","244","17","","","","","","","","","","","","","","","","","",""
"2025-12-17 18:47:24","7.1","/data/T1w_seg.nii.gz","245","17","","","","","","","","","","","","","","","","","",""
"2025-12-17 18:47:24","7.1","/data/T1w_seg.nii.gz","246","17","","","","","","","","","","","","","","","","","",""
"2025-12-17 18:47:24","7.1","/data/T1w_seg.nii.gz","247","17","","","","","","","","","","","","","","","","","",""
"2025-12-17 18:47:24","7.1","/data/T1w_seg.nii.gz","248","17","","","","","","","","","","","","","","","","","",""
"2025-12-17 18:47:24","7.1","/data/T1w_seg.nii.gz","249","17","","","","","","","","","","","","","","","","","",""
"2025-12-17 18:47:24","7.1","/data/T1w_seg.nii.gz","250","17","","","","","","","","","","","","","","","","","",""
"2025-12-17 18:47:24","7.1","/data/T1w_seg.nii.gz","251","17","","","","","","","","","","","","","","","","","",""
"2025-12-17 18:47:24","7.1","/data/T1w_seg.nii.gz","252","17","","","","","","","","","","","","","","","","","",""
"2025-12-17 18:47:24","7.1","/data/T1w_seg.nii.gz","253","17","","","","","","","","","","","","","","","","","",""
"2025-12-17 18:47:24","7.1","/data/T1w_seg.nii.gz","254","17","","","","","","","","","","","","","","","","","",""
"2025-12-17 18:47:24","7.1","/data/T1w_seg.nii.gz","255","17","","","","","","","","","","","","","","","","","",""
"2025-12-17 18:47:24","7.1","/data/T1w_seg.nii.gz","256","17","","","","","","","","","","","","","","","","","",""
"2025-12-17 18:47:24","7.1","/data/T1w_seg.nii.gz","257","17","","","","","","","","","","","","","","","","","",""
"2025-12-17 18:47:24","7.1","/data/T1w_seg.nii.gz","258","17","","","","","","","","","","","","","","","","","",""
"2025-12-17 18:47:24","7.1","/data/T1w_seg.nii.gz","259","17","","","","","","","","","","","","","","","","","",""
"2025-12-17 18:47:24","7.1","/data/T1w_seg.nii.gz","260","17","","","","","","","","","","","","","","","","","",""
"2025-12-17 18:47:24","7.1","/data/T1w_seg.nii.gz","261","17","","","","","","","","","","","","","","","","","",""
"2025-12-17 18:47:24","7.1","/data/T1w_seg.nii.gz","262","17","","","","","","","","","","","","","","","","","",""
"2025-12-17 18:47:24","7.1","/data/T1w_seg.nii.gz","263","17","","","","","","","","","","","","","","","","","",""
"2025-12-17 18:47:24","7.1","/data/T1w_seg.nii.gz","264","17","","","","","","","","","","","","","","","","","",""
"2025-12-17 18:47:24","7.1","/data/T1w_seg.nii.gz","265","17","","","","","","","","","","","","","","","","","",""
"2025-12-17 18:47:24","7.1","/data/T1w_seg.nii.gz","266","17","","","","","","","","","","","","","","","","","",""
"2025-12-17 18:47:24","7.1","/data/T1w_seg.nii.gz","267","17","","","","","","","","","","","","","","","","","",""
"2025-12-17 18:47:24","7.1","/data/T1w_seg.nii.gz","268","17","","","","","","","","","","","","","","","","","",""
"2025-12-17 18:47:24","7.1","/data/T1w_seg.nii.gz","269","17","","","","","","","","","","","","","","","","","",""
"2025-12-17 18:47:24","7.1","/data/T1w_seg.nii.gz","270","17","","","","","","","","","","","","","","","","","",""
"2025-12-17 18:47:24","7.1","/data/T1w_seg.nii.gz","271","17","","","","","","","","","","","","","","","","","",""
"2025-12-17 18:47:24","7.1","/data/T1w_seg.nii.gz","272","17","","","","","","","","","","","","","","","","","",""
"2025-12-17 18:47:24","7.1","/data/T1w_seg.nii.gz","273","17","","","","","","","","","","","","","","","","","",""
"2025-12-17 18:47:24","7.1","/data/T1w_seg.nii.gz","274","17","","","","","","","","","","","","","","","","","",""
"2025-12-17 18:47:24","7.1","/data/T1w_seg.nii.gz","275","17","","","","","","","","","","","","","","","","","",""
"2025-12-17 18:47:24","7.1","/data/T1w_seg.nii.gz","276","17","","","","","","","","","","","","","","","","","",""
"2025-12-17 18:47:24","7.1","/data/T1w_seg.nii.gz","277","17","","","","","","","","","","","","","","","","","",""
"2025-12-17 18:47:24","7.1","/data/T1w_seg.nii.gz","278","17","","","","","","","","","","","","","","","","","",""
"2025-12-17 18:47:24","7.1","/data/T1w_seg.nii.gz","279","17","","","","","","","","","","","","","","","","","",""
"2025-12-17 18:47:24","7.1","/data/T1w_seg.nii.gz","280","17","","","","","","","","","","","","","","","","","",""
"2025-12-17 18:47:24","7.1","/data/T1w_seg.nii.gz","281","17","","","","","","","","","","","","","","","","","",""
"2025-12-17 18:47:24","7.1","/data/T1w_seg.nii.gz","282","17","","","","","","","","","","","","","","","","","",""
"2025-12-17 18:47:24","7.1","/data/T1w_seg.nii.gz","283","17","","","","","","","","","","","","","","","","","",""
"2025-12-17 18:47:24","7.1","/data/T1w_seg.nii.gz","284","17","","","","","","","","","","","","","","","","","",""
"2025-12-17 18:47:24","7.1","/data/T1w_seg.nii.gz","285","17","","","","","","","","","","","","","","","","","",""
"2025-12-17 18:47:24","7.1","/data/T1w_seg.nii.gz","286","17","","","","","","","","","","","","","","","","","",""
"2025-12-17 18:47:24","7.1","/data/T1w_seg.nii.gz","287","17","","","","","","","","","","","","","","","","","",""
"2025-12-17 18:47:24","7.1","/data/T1w_seg.nii.gz","288","17","","","","","","","","","","","","","","","","","",""
"2025-12-17 18:47:24","7.1","/data/T1w_seg.nii.gz","289","17","","","","","","","","","","","","","","","","","",""
"2025-12-17 18:47:24","7.1","/data/T1w_seg.nii.gz","290","16","","","","","","","","","","","","","","","","","",""
"2025-12-17 18:47:24","7.1","/data/T1w_seg.nii.gz","291","16","","","","","","","","","","","","","","","","","",""
"2025-12-17 18:47:24","7.1","/data/T1w_seg.nii.gz","292","16","","","","","","","","","","","","","","","","","",""
"2025-12-17 18:47:24","7.1","/data/T1w_seg.nii.gz","293","16","","","","","","","","","","","","","","","","","",""
"2025-12-17 18:47:24","7.1","/data/T1w_seg.nii.gz","294","16","","","","","","","","","","","","","","","","","",""
"2025-12-17 18:47:24","7.1","/data/T1w_seg.nii.gz","295","16","","","","","","","","","","","","","","","","","",""
"2025-12-17 18:47:24","7.1","/data/T1w_seg.nii.gz","296","16","","","","","","","","","","","","","","","","","",""
"2025-12-17 18:47:24","7.1","/data/T1w_seg.nii.gz","297","16","","","","","","","","","","","","","","","","","",""
"2025-12-17 18:47:24","7.1","/data/T1w_seg.nii.gz","298","16","","","","","","","","","","","","","","","","","",""
"2025-12-17 18:47:24","7.1","/data/T1w_seg.nii.gz","299","16","","","","","","","","","","","","","","","","","",""
"2025-12-17 18:47:24","7.1","/data/T1w_seg.nii.gz","300","16","","","","","","","","","","","","","","","","","",""
"2025-12-17 18:47:24","7.1","/data/T1w_seg.nii.gz","301","16","","","","","","","","","","","","","","","","","",""
"2025-12-17 18:47:24","7.1","/data/T1w_seg.nii.gz","302","16","","","","","","","","","","","","","","","","","",""
"2025-12-17 18:47:24","7.1","/data/T1w_seg.nii.gz","303","16","","","","","","","","","","","","","","","","","",""
"2025-12-17 18:47:24","7.1","/data/T1w_seg.nii.gz","304","16","","","","","","","","","","","","","","","","","",""
"2025-12-17 18:47:24","7.1","/data/T1w_seg.nii.gz","305","16","","","","","","","","","","","","","","","","","",""
"2025-12-17 18:47:24","7.1","/data/T1w_seg.nii.gz","306","16","","","","","","","","","","","","","","","","","",""
"2025-12-17 18:47:24","7.1","/data/T1w_seg.nii.gz","307","16","","","","","","","","","","","","","","","","","",""
"2025-12-17 18:47:24","7.1","/data/T1w_seg.nii.gz","308","16","","","","","","","","","","","","","","","","","",""
"2025-12-17 18:47:24","7.1","/data/T1w_seg.nii.gz","309","16","","","","","","","","","","","","","","","","","",""
"2025-12-17 18:47:24","7.1","/data/T1w_seg.nii.gz","310","16","","","","","","","","","","","","","","","","","",""
"2025-12-17 18:47:24","7.1","/data/T1w_seg.nii.gz","311","16","","","","","","","","","","","","","","","","","",""
"2025-12-17 18:47:24","7.1","/data/T1w_seg.nii.gz","312","16","","","","","","","","","","","","","","","","","",""
"2025-12-17 18:47:24","7.1","/data/T1w_seg.nii.gz","313","16","","","","","","","","","","","","","","","","","",""
"2025-12-17 18:47:24","7.1","/data/T1w_seg.nii.gz","314","16","","","","","","","","","","","","","","","","","",""
"2025-12-17 18:47:24","7.1","/data/T1w_seg.nii.gz","315","16","","","","","","","","","","","","","","","","","",""
"2025-12-17 18:47:24","7.1","/data/T1w_seg.nii.gz","316","16","","","","","","","","","","","","","","","","","",""
"2025-12-17 18:47:24","7.1","/data/T1w_seg.nii.gz","317","16","","","","","","","","","","","","","","","","","",""
"2025-12-17 18:47:24","7.1","/data/T1w_seg.nii.gz","318","16","","","","","","","","","","","","","","","","","",""
"2025-12-17 18:47:24","7.1","/data/T1w_seg.nii.gz","319","16","","","","","","","","","","","","","","","","","",""
"2025-12-17 18:47:24","7.1","/data/T1w_seg.nii.gz","320","16","","","","","","","","","","","","","","","","","",""
"2025-12-17 18:47:24","7.1","/data/T1w_seg.nii.gz","321","16","","","","","","","","","","","","","","","","","",""
"2025-12-17 18:47:24","7.1","/data/T1w_seg.nii.gz","322","16","","","","","","","","","","","","","","","","","",""
"2025-12-17 18:47:24","7.1","/data/T1w_seg.nii.gz","323","16","","","","","","","","","","","","","","","","","",""
"2025-12-17 18:47:24","7.1","/data/T1w_seg.nii.gz","324","16","","","","","","","","","","","","","","","","","",""
"2025-12-17 18:47:24","7.1","/data/T1w_seg.nii.gz","325","16","","","","","","","","","","","","","","","","","",""
"2025-12-17 18:47:24","7.1","/data/T1w_seg.nii.gz","326","16","","","","","","","","","","","","","","","","","",""
"2025-12-17 18:47:24","7.1","/data/T1w_seg.nii.gz","327","16","","","","","","","","","","","","","","","","","",""
"2025-12-17 18:47:24","7.1","/data/T1w_seg.nii.gz","328","16","","","","","","","","","","","","","","","","","",""
"2025-12-17 18:47:24","7.1","/data/T1w_seg.nii.gz","329","16","","","","","","","","","","","","","","","","","",""
"2025-12-17 18:47:24","7.1","/data/T1w_seg.nii.gz","330","16","","","","","","","","","","","","","","","","","",""
"2025-12-17 18:47:24","7.1","/data/T1w_seg.nii.gz","331","16","","","","","","","","","","","","","","","","","",""
"2025-12-17 18:47:24","7.1","/data/T1w_seg.nii.gz","332","16","","","","","","","","","","","","","","","","","",""
"2025-12-17 18:47:24","7.1","/data/T1w_seg.nii.gz","333","16","","","","","","","","","","","","","","","","","",""
"2025-12-17 18:47:24","7.1","/data/T1w_seg.nii.gz","334","16","","","","","","","","","","","","","","","","","",""
"2025-12-17 18:47:24","7.1","/data/T1w_seg.nii.gz","335","16","","","","","","","","","","","","","","","","","",""
"2025-12-17 18:47:24","7.1","/data/T1w_seg.nii.gz","336","16","","","","","","","","","","","","","","","","","",""
"2025-12-17 18:47:24","7.1","/data/T1w_seg.nii.gz","337","16","","","","","","","","","","","","","","","","","",""
"2025-12-17 18:47:24","7.1","/data/T1w_seg.nii.gz","338","16","","","","","","","","","","","","","","","","","",""
"2025-12-17 18:47:24","7.1","/data/T1w_seg.nii.gz","339","16","","","","","","","","","","","","","","","","","",""
"2025-12-17 18:47:24","7.1","/data/T1w_seg.nii.gz","340","16","","","","","","","","","","","","","","","","","",""
"2025-12-17 18:47:24","7.1","/data/T1w_seg.nii.gz","341","16","","","","","","","","","","","","","","","","","",""
"2025-12-17 18:47:24","7.1","/data/T1w_seg.nii.gz","342","16","","","","","","","","","","","","","","","","","",""
"2025-12-17 18:47:24","7.1","/data/T1w_seg.nii.gz","343","15","","","","","","","","","","","","","","","","","",""
"2025-12-17 18:47:24","7.1","/data/T1w_seg.nii.gz","344","15","","","","","","","","","","","","","","","","","",""
"2025-12-17 18:47:24","7.1","/data/T1w_seg.nii.gz","345","15","","","","","","","","","","","","","","","","","",""
"2025-12-17 18:47:24","7.1","/data/T1w_seg.nii.gz","346","15","","","","","","","","","","","","","","","","","",""
"2025-12-17 18:47:24","7.1","/data/T1w_seg.nii.gz","347","15","","","","","","","","","","","","","","","","","",""
"2025-12-17 18:47:24","7.1","/data/T1w_seg.nii.gz","348","15","","","","","","","","","","","","","","","","","",""
"2025-12-17 18:47:24","7.1","/data/T1w_seg.nii.gz","349","15","","","","","","","","","","","","","","","","","",""
"2025-12-17 18:47:24","7.1","/data/T1w_seg.nii.gz","350","15","","","","","","","","","","","","","","","","","",""
"2025-12-17 18:47:24","7.1","/data/T1w_seg.nii.gz","351","15","","","","","","","","","","","","","","","","","",""
"2025-12-17 18:47:24","7.1","/data/T1w_seg.nii.gz","352","15","","","","","","","","","","","","","","","","","",""
"2025-12-17 18:47:24","7.1","/data/T1w_seg.nii.gz","353","15","","","","","","","","","","","","","","","","","",""
"2025-12-17 18:47:24","7.1","/data/T1w_seg.nii.gz","354","15","","","","","","","","","","","","","","","","","",""
"2025-12-17 18:47:24","7.1","/data/T1w_seg.nii.gz","355","15","","","","","","","","","","","","","","","","","",""
"2025-12-17 18:47:24","7.1","/data/T1w_seg.nii.gz","356","15","","","","","","","","","","","","","","","","","",""
"2025-12-17 18:47:24","7.1","/data/T1w_seg.nii.gz","357","15","","","","","","","","","","","","","","","","","",""
"2025-12-17 18:47:24","7.1","/data/T1w_seg.nii.gz","358","15","","","","","","","","","","","","","","","","","",""
"2025-12-17 18:47:24","7.1","/data/T1w_seg.nii.gz","359","15","","","","","","","","","","","","","","","","","",""
"2025-12-17 18:47:24","7.1","/data/T1w_seg.nii.gz","360","15","","","","","","","","","","","","","","","","","",""
"2025-12-17 18:47:24","7.1","/data/T1w_seg.nii.gz","361","15","","","","","","","","","","","","","","","","","",""
"2025-12-17 18:47:24","7.1","/data/T1w_seg.nii.gz","362","15","","","","","","","","","","","","","","","","","",""
"2025-12-17 18:47:24","7.1","/data/T1w_seg.nii.gz","363","15","","","","","","","","","","","","","","","","","",""
"2025-12-17 18:47:24","7.1","/data/T1w_seg.nii.gz","364","15","","","","","","","","","","","","","","","","","",""
"2025-12-17 18:47:24","7.1","/data/T1w_seg.nii.gz","365","15","","","","","","","","","","","","","","","","","",""
"2025-12-17 18:47:24","7.1","/data/T1w_seg.nii.gz","366","15","","","","","","","","","","","","","","","","","",""
"2025-12-17 18:47:24","7.1","/data/T1w_seg.nii.gz","367","15","","","","","","","","","","","","","","","","","",""
"2025-12-17 18:47:24","7.1","/data/T1w_seg.nii.gz","368","15","","","","","","","","","","","","","","","","","",""
"2025-12-17 18:47:24","7.1","/data/T1w_seg.nii.gz","369","15","","","","","","","","","","","","","","","","","",""
"2025-12-17 18:47:24","7.1","/data/T1w_seg.nii.gz","370","15","","","","","","","","","","","","","","","","","",""
"2025-12-17 18:47:24","7.1","/data/T1w_seg.nii.gz","371","15","","","","","","","","","","","","","","","","","",""
"2025-12-17 18:47:24","7.1","/data/T1w_seg.nii.gz","372","15","","","","","","","","","","","","","","","","","",""
"2025-12-17 18:47:24","7.1","/data/T1w_seg.nii.gz","373","15","","","","","","","","","","","","","","","","","",""
"2025-12-17 18:47:24","7.1","/data/T1w_seg.nii.gz","374","15","","","","","","","","","","","","","","","","","",""
"2025-12-17 18:47:24","7.1","/data/T1w_seg.nii.gz","375","15","","","","","","","","","","","","","","","","","",""
"2025-12-17 18:47:24","7.1","/data/T1w_seg.nii.gz","376","15","","","","","","","","","","","","","","","","","",""
"2025-12-17 18:47:24","7.1","/data/T1w_seg.nii.gz","377","15","","","","","","","","","","","","","","","","","",""
"2025-12-17 18:47:24","7.1","/data/T1w_seg.nii.gz","378","15","","","","","","","","","","","","","","","","","",""
"2025-12-17 18:47:24","7.1","/data/T1w_seg.nii.gz","379","15","","","","","","","","","","","","","","","","","",""
"2025-12-17 18:47:24","7.1","/data/T1w_seg.nii.gz","380","15","","","","","","","","","","","","","","","","","",""
"2025-12-17 18:47:24","7.1","/data/T1w_seg.nii.gz","381","15","","","","","","","","","","","","","","","","","",""
"2025-12-17 18:47:24","7.1","/data/T1w_seg.nii.gz","382","15","","","","","","","","","","","","","","","","","",""
"2025-12-17 18:47:24","7.1","/data/T1w_seg.nii.gz","383","15","","","","","","","","","","","","","","","","","",""
"2025-12-17 18:47:24","7.1","/data/T1w_seg.nii.gz","384","15","","","","","","","","","","","","","","","","","",""
"2025-12-17 18:47:24","7.1","/data/T1w_seg.nii.gz","385","15","","","","","","","","","","","","","","","","","",""
"2025-12-17 18:47:24","7.1","/data/T1w_seg.nii.gz","386","15","","","","","","","","","","","","","","","","","",""
"2025-12-17 18:47:24","7.1","/data/T1w_seg.nii.gz","387","15","","","","","","","","","","","","","","","","","",""
"2025-12-17 18:47:24","7.1","/data/T1w_seg.nii.gz","388","15","","","","","","","","","","","","","","","","","",""
"2025-12-17 18:47:24","7.1","/data/T1w_seg.nii.gz","389","15","","","","","","","","","","","","","","","","","",""
"2025-12-17 18:47:24","7.1","/data/T1w_seg.nii.gz","390","15","","","","","","","","","","","","","","","","","",""
"2025-12-17 18:47:24","7.1","/data/T1w_seg.nii.gz","391","15","","","","","","","","","","","","","","","","","",""
"2025-12-17 18:47:24","7.1","/data/T1w_seg.nii.gz","392","15","","","","","","","","","","","","","","","","","",""
"2025-12-17 18:47:24","7.1","/data/T1w_seg.nii.gz","393","15","","","","","","","","","","","","","","","","","",""
"2025-12-17 18:47:24","7.1","/data/T1w_seg.nii.gz","394","15","","","","","","","","","","","","","","","","","",""
"2025-12-17 18:47:24","7.1","/data/T1w_seg.nii.gz","395","15","","","","","","","","","","","","","","","","","",""
"2025-12-17 18:47:24","7.1","/data/T1w_seg.nii.gz","396","15","","","","","","","","","","","","","","","","","",""
"2025-12-17 18:47:24","7.1","/data/T1w_seg.nii.gz","397","14","","","","","","","","","","","","","","","","","",""
"2025-12-17 18:47:24","7.1","/data/T1w_seg.nii.gz","398","14","","","","","","","","","","","","","","","","","",""
"2025-12-17 18:47:24","7.1","/data/T1w_seg.nii.gz","399","14","","","","","","","","","","","","","","","","","",""
"2025-12-17 18:47:24","7.1","/data/T1w_seg.nii.gz","400","14","","","","","","","","","","","","","","","","","",""
"2025-12-17 18:47:24","7.1","/data/T1w_seg.nii.gz","401","14","","","","","","","","","","","","","","","","","",""
"2025-12-17 18:47:24","7.1","/data/T1w_seg.nii.gz","402","14","","","","","","","","","","","","","","","","","",""
"2025-12-17 18:47:24","7.1","/data/T1w_seg.nii.gz","403","14","","","","","","","","","","","","","","","","","",""
"2025-12-17 18:47:24","7.1","/data/T1w_seg.nii.gz","404","14","","","","","","","","","","","","","","","","","",""
"2025-12-17 18:47:24","7.1","/data/T1w_seg.nii.gz","405","14","","","","","","","","","","","","","","","","","",""
"2025-12-17 18:47:24","7.1","/data/T1w_seg.nii.gz","406","14","","","","","","","","","","","","","","","","","",""
"2025-12-17 18:47:24","7.1","/data/T1w_seg.nii.gz","407","14","","","","","","","","","","","","","","","","","",""
"2025-12-17 18:47:24","7.1","/data/T1w_seg.nii.gz","408","14","","","","","","","","","","","","","","","","","",""
"2025-12-17 18:47:24","7.1","/data/T1w_seg.nii.gz","409","14","","","","","","","","","","","","","","","","","",""
"2025-12-17 18:47:24","7.1","/data/T1w_seg.nii.gz","410","14","","","","","","","","","","","","","","","","","",""
"2025-12-17 18:47:24","7.1","/data/T1w_seg.nii.gz","411","14","","","","","","","","","","","","","","","","","",""
"2025-12-17 18:47:24","7.1","/data/T1w_seg.nii.gz","412","14","","","","","","","","","","","","","","","","","",""
"2025-12-17 18:47:24","7.1","/data/T1w_seg.nii.gz","413","14","","","","","","","","","","","","","","","","","",""
"2025-12-17 18:47:24","7.1","/data/T1w_seg.nii.gz","414","14","","","","","","","","","","","","","","","","","",""
"2025-12-17 18:47:24","7.1","/data/T1w_seg.nii.gz","415","14","","","","","","","","","","","","","","","","","",""
"2025-12-17 18:47:24","7.1","/data/T1w_seg.nii.gz","416","14","","","","","","","","","","","","","","","","","",""
"2025-12-17 18:47:24","7.1","/data/T1w_seg.nii.gz","417","14","","","","","","","","","","","","","","","","","",""
"2025-12-17 18:47:24","7.1","/data/T1w_seg.nii.gz","418","14","","","","","","","","","","","","","","","","","",""
"2025-12-17 18:47:24","7.1","/data/T1w_seg.nii.gz","419","14","","","","","","","","","","","","","","","","","",""
"2025-12-17 18:47:24","7.1","/data/T1w_seg.nii.gz","420","14","","","","","","","","","","","","","","","","","",""
"2025-12-17 18:47:24","7.1","/data/T1w_seg.nii.gz","421","14","","","","","","","","","","","","","","","","","",""
"2025-12-17 18:47:24","7.1","/data/T1w_seg.nii.gz","422","14","","","","","","","","","","","","","","","","","",""
"2025-12-17 18:47:24","7.1","/data/T1w_seg.nii.gz","423","14","","","","","","","","","","","","","","","","","",""
"2025-12-17 18:47:24","7.1","/data/T1w_seg.nii.gz","424","14","","","","","","","","","","","","","","","","","",""
"2025-12-17 18:47:24","7.1","/data/T1w_seg.nii.gz","425","14","","","","","","","","","","","","","","","","","",""
"2025-12-17 18:47:24","7.1","/data/T1w_seg.nii.gz","426","14","","","","","","","","","","","","","","","","","",""
"2025-12-17 18:47:24","7.1","/data/T1w_seg.nii.gz","427","14","","","","","","","","","","","","","","","","","",""
"2025-12-17 18:47:24","7.1","/data/T1w_seg.nii.gz","428","14","","","","","","","","","","","","","","","","","",""
"2025-12-17 18:47:24","7.1","/data/T1w_seg.nii.gz","429","14","","","","","","","","","","","","","","","","","",""
"2025-12-17 18:47:24","7.1","/data/T1w_seg.nii.gz","430","14","","","","","","","","","","","","","","","","","",""
"2025-12-17 18:47:24","7.1","/data/T1w_seg.nii.gz","431","14","","","","","","","","","","","","","","","","","",""
"2025-12-17 18:47:24","7.1","/data/T1w_seg.nii.gz","432","14","","","","","","","","","","","","","","","","","",""
"2025-12-17 18:47:24","7.1","/data/T1w_seg.nii.gz","433","14","","","","","","","","","","","","","","","","","",""
"2025-12-17 18:47:24","7.1","/data/T1w_seg.nii.gz","434","14","","","","","","","","","","","","","","","","","",""
"2025-12-17 18:47:24","7.1","/data/T1w_seg.nii.gz","435","14","","","","","","","","","","","","","","","","","",""
"2025-12-17 18:47:24","7.1","/data/T1w_seg.nii.gz","436","14","","","","","","","","","","","","","","","","","",""
"2025-12-17 18:47:24","7.1","/data/T1w_seg.nii.gz","437","14","","","","","","","","","","","","","","","","","",""
"2025-12-17 18:47:24","7.1","/data/T1w_seg.nii.gz","438","14","","","","","","","","","","","","","","","","","",""
"2025-12-17 18:47:24","7.1","/data/T1w_seg.nii.gz","439","14","","","","","","","","","","","","","","","","","",""
"2025-12-17 18:47:24","7.1","/data/T1w_seg.nii.gz","440","14","","","","","","","","","","","","","","","","","",""
"2025-12-17 18:47:24","7.1","/data/T1w_seg.nii.gz","441","14","","","","","","","","","","","","","","","","","",""
"2025-12-17 18:47:24","7.1","/data/T1w_seg.nii.gz","442","14","","","","","","","","","","","","","","","","","",""
"2025-12-17 18:47:24","7.1","/data/T1w_seg.nii.gz","443","14","","","","","","","","","","","","","","","","","",""
"2025-12-17 18:47:24","7.1","/data/T1w_seg.nii.gz","444","14","","","","","","","","","","","","","","","","","",""
"2025-12-17 18:47:24","7.1","/data/T1w_seg.nii.gz","445","14","","","","","","","","","","","","","","","","","",""
"2025-12-17 18:47:24","7.1","/data/T1w_seg.nii.gz","446","14","","","","","","","","","","","","","","","","","",""
"2025-12-17 18:47:24","7.1","/data/T1w_seg.nii.gz","447","14","","","","","","","","","","","","","","","","","",""
"2025-12-17 18:47:24","7.1","/data/T1w_seg.nii.gz","448","14","","","","","","","","","","","","","","","","","",""
"2025-12-17 18:47:24","7.1","/data/T1w_seg.nii.gz","449","14","","","","","","","","","","","","","","","","","",""
"2025-12-17 18:47:24","7.1","/data/T1w_seg.nii.gz","450","13","","","","","","","","","","","","","","","","","",""
"2025-12-17 18:47:24","7.1","/data/T1w_seg.nii.gz","451","13","","","","","","","","","","","","","","","","","",""
"2025-12-17 18:47:24","7.1","/data/T1w_seg.nii.gz","452","13","","","","","","","","","","","","","","","","","",""
"2025-12-17 18:47:24","7.1","/data/T1w_seg.nii.gz","453","13","","","","","","","","","","","","","","","","","",""
"2025-12-17 18:47:24","7.1","/data/T1w_seg.nii.gz","454","13","","","","","","","","","","","","","","","","","",""
"2025-12-17 18:47:24","7.1","/data/T1w_seg.nii.gz","455","13","","","","","","","","","","","","","","","","","",""
"2025-12-17 18:47:24","7.1","/data/T1w_seg.nii.gz","456","13","","","","","","","","","","","","","","","","","",""
"2025-12-17 18:47:24","7.1","/data/T1w_seg.nii.gz","457","13","","","","","","","","","","","","","","","","","",""
"2025-12-17 18:47:24","7.1","/data/T1w_seg.nii.gz","458","13","","","","","","","","","","","","","","","","","",""
"2025-12-17 18:47:24","7.1","/data/T1w_seg.nii.gz","459","13","","","","","","","","","","","","","","","","","",""
"2025-12-17 18:47:24","7.1","/data/T1w_seg.nii.gz","460","13","","","","","","","","","","","","","","","","","",""
"2025-12-17 18:47:24","7.1","/data/T1w_seg.nii.gz","461","13","","","","","","","","","","","","","","","","","",""
"2025-12-17 18:47:24","7.1","/data/T1w_seg.nii.gz","462","13","","","","","","","","","","","","","","","","","",""
"2025-12-17 18:47:24","7.1","/data/T1w_seg.nii.gz","463","13","","","","","","","","","","","","","","","","","",""
"2025-12-17 18:47:24","7.1","/data/T1w_seg.nii.gz","464","13","","","","","","","","","","","","","","","","","",""
"2025-12-17 18:47:24","7.1","/data/T1w_seg.nii.gz","465","13","","","","","","","","","","","","","","","","","",""
"2025-12-17 18:47:24","7.1","/data/T1w_seg.nii.gz","466","13","","","","","","","","","","","","","","","","","",""
"2025-12-17 18:47:24","7.1","/data/T1w_seg.nii.gz","467","13","","","","","","","","","","","","","","","","","",""
"2025-12-17 18:47:24","7.1","/data/T1w_seg.nii.gz","468","13","","","","","","","","","","","","","","","","","",""
"2025-12-17 18:47:24","7.1","/data/T1w_seg.nii.gz","469","13","","","","","","","","","","","","","","","","","",""
"2025-12-17 18:47:24","7.1","/data/T1w_seg.nii.gz","470","13","","","","","","","","","","","","","","","","","",""
"2025-12-17 18:47:24","7.1","/data/T1w_seg.nii.gz","471","13","","","","","","","","","","","","","","","","","",""
"2025-12-17 18:47:24","7.1","/data/T1w_seg.nii.gz","472","13","","","","","","","","","","","","","","","","","",""
"2025-12-17 18:47:24","7.1","/data/T1w_seg.nii.gz","473","13","","","","","","","","","","","","","","","","","",""
"2025-12-17 18:47:24","7.1","/data/T1w_seg.nii.gz","474","13","","","","","","","","","","","","","","","","","",""
"2025-12-17 18:47:24","7.1","/data/T1w_seg.nii.gz","475","13","","","","","","","","","","","","","","","","","",""
"2025-12-17 18:47:24","7.1","/data/T1w_seg.nii.gz","476","13","","","","","","","","","","","","","","","","","",""
"2025-12-17 18:47:24","7.1","/data/T1w_seg.nii.gz","477","13","","","","","","","","","","","","","","","","","",""
"2025-12-17 18:47:24","7.1","/data/T1w_seg.nii.gz","478","13","","","","","","","","","","","","","","","","","",""
"2025-12-17 18:47:24","7.1","/data/T1w_seg.nii.gz","479","13","","","","","","","","","","","","","","","","","",""
"2025-12-17 18:47:24","7.1","/data/T1w_seg.nii.gz","480","13","","","","","","","","","","","","","","","","","",""
"2025-12-17 18:47:24","7.1","/data/T1w_seg.nii.gz","481","13","","","","","","","","","","","","","","","","","",""
"2025-12-17 18:47:24","7.1","/data/T1w_seg.nii.gz","482","13","","","","","","","","","","","","","","","","","",""
"2025-12-17 18:47:24","7.1","/data/T1w_seg.nii.gz","483","13","","","","","","","","","","","","","","","","","",""
"2025-12-17 18:47:24","7.1","/data/T1w_seg.nii.gz","484","13","","","","","","","","","","","","","","","","","",""
"2025-12-17 18:47:24","7.1","/data/T1w_seg.nii.gz","485","13","","","","","","","","","","","","","","","","","",""
"2025-12-17 18:47:24","7.1","/data/T1w_seg.nii.gz","486","13","","","","","","","","","","","","","","","","","",""
"2025-12-17 18:47:24","7.1","/data/T1w_seg.nii.gz","487","13","","","","","","","","","","","","","","","","","",""
"2025-12-17 18:47:24","7.1","/data/T1w_seg.nii.gz","488","13","","","","","","","","","","","","","","","","","",""
"2025-12-17 18:47:24","7.1","/data/T1w_seg.nii.gz","489","13","","","","","","","","","","","","","","","","","",""
"2025-12-17 18:47:24","7.1","/data/T1w_seg.nii.gz","490","13","","","","","","","","","","","","","","","","","",""
"2025-12-17 18:47:24","7.1","/data/T1w_seg.nii.gz","491","13","","","","","","","","","","","","","","","","","",""
"2025-12-17 18:47:24","7.1","/data/T1w_seg.nii.gz","492","13","","","","","","","","","","","","","","","","","",""
"2025-12-17 18:47:24","7.1","/data/T1w_seg.nii.gz","493","13","","","","","","","","","","","","","","","","","",""
"2025-12-17 18:47:24","7.1","/data/T1w_seg.nii.gz","494","13","","","","","","","","","","","","","","","","","",""
"2025-12-17 18:47:24","7.1","/data/T1w_seg.nii.gz","495","13","","","","","","","","","","","","","","","","","",""
"2025-12-17 18:47:24","7.1","/data/T1w_seg.nii.gz","496","13","","","","","","","","","","","","","","","","","",""
"2025-12-17 18:47:24","7.1","/data/T1w_seg.nii.gz","497","13","","","","","","","","","","","","","","","","","",""
"2025-12-17 18:47:24","7.1","/data/T1w_seg.nii.gz","498","13","","","","","","","","","","","","","","","","","",""
"2025-12-17 18:47:24","7.1","/data/T1w_seg.nii.gz","499","13","","","","","","","","","","","","","","","","","",""
"2025-12-17 18:47:24","7.1","/data/T1w_seg.nii.gz","500","13","","","","","","","","","","","","","","","","","",""
"2025-12-17 18:47:24","7.1","/data/T1w_seg.nii.gz","501","12","","","","","","","","","","","","","","","","","",""
"2025-12-17 18:47:24","7.1","/data/T1w_seg.nii.gz","502","12","","","","","","","","","","","","","","","","","",""
"2025-12-17 18:47:24","7.1","/data/T1w_seg.nii.gz","503","12","","","","","","","","","","","","","","","","","",""
"2025-12-17 18:47:24","7.1","/data/T1w_seg.nii.gz","504","12","","","","","","","","","","","","","","","","","",""
"2025-12-17 18:47:24","7.1","/data/T1w_seg.nii.gz","505","12","","","","","","","","","","","","","","","","","",""
"2025-12-17 18:47:24","7.1","/data/T1w_seg.nii.gz","506","12","","","","","","","","","","","","","","","","","",""
"2025-12-17 18:47:24","7.1","/data/T1w_seg.nii.gz","507","12","","","","","","","","","","","","","","","","","",""
"2025-12-17 18:47:24","7.1","/data/T1w_seg.nii.gz","508","12","","","","","","","","","","","","","","","","","",""
"2025-12-17 18:47:24","7.1","/data/T1w_seg.nii.gz","509","12","","","","","","","","","","","","","","","","","",""
"2025-12-17 18:47:24","7.1","/data/T1w_seg.nii.gz","510","12","","","","","","","","","","","","","","","","","",""
"2025-12-17 18:47:24","7.1","/data/T1w_seg.nii.gz","511","12","","","","","","","","","","","","","","","","","",""
"2025-12-17 18:47:24","7.1","/data/T1w_seg.nii.gz","512","12","","","","","","","","","","","","","","","","","",""
"2025-12-17 18:47:24","7.1","/data/T1w_seg.nii.gz","513","12","","","","","","","","","","","","","","","","","",""
"2025-12-17 18:47:24","7.1","/data/T1w_seg.nii.gz","514","12","","","","","","","","","","","","","","","","","",""
"2025-12-17 18:47:24","7.1","/data/T1w_seg.nii.gz","515","12","","","","","","","","","","","","","","","","","",""
"2025-12-17 18:47:24","7.1","/data/T1w_seg.nii.gz","516","12","","","","","","","","","","","","","","","","","",""
"2025-12-17 18:47:24","7.1","/data/T1w_seg.nii.gz","517","12","","","","","","","","","","","","","","","","","",""
"2025-12-17 18:47:24","7.1","/data/T1w_seg.nii.gz","518","12","","","","","","","","","","","","","","","","","",""
"2025-12-17 18:47:24","7.1","/data/T1w_seg.nii.gz","519","12","","","","","","","","","","","","","","","","","",""
"2025-12-17 18:47:24","7.1","/data/T1w_seg.nii.gz","520","12","","","","","","","","","","","","","","","","","",""
"2025-12-17 18:47:24","7.1","/data/T1w_seg.nii.gz","521","12","","","","","","","","","","","","","","","","","",""
"2025-12-17 18:47:24","7.1","/data/T1w_seg.nii.gz","522","12","","","","","","","","","","","","","","","","","",""
"2025-12-17 18:47:24","7.1","/data/T1w_seg.nii.gz","523","12","","","","","","","","","","","","","","","","","",""
"2025-12-17 18:47:24","7.1","/data/T1w_seg.nii.gz","524","12","","","","","","","","","","","","","","","","","",""
"2025-12-17 18:47:24","7.1","/data/T1w_seg.nii.gz","525","12","","","","","","","","","","","","","","","","","",""
"2025-12-17 18:47:24","7.1","/data/T1w_seg.nii.gz","526","12","","","","","","","","","","","","","","","","","",""
"2025-12-17 18:47:24","7.1","/data/T1w_seg.nii.gz","527","12","","","","","","","","","","","","","","","","","",""
"2025-12-17 18:47:24","7.1","/data/T1w_seg.nii.gz","528","12","","","","","","","","","","","","","","","","","",""
"2025-12-17 18:47:24","7.1","/data/T1w_seg.nii.gz","529","12","","","","","","","","","","","","","","","","","",""
"2025-12-17 18:47:24","7.1","/data/T1w_seg.nii.gz","530","12","","","","","","","","","","","","","","","","","",""
"2025-12-17 18:47:24","7.1","/data/T1w_seg.nii.gz","531","12","","","","","","","","","","","","","","","","","",""
"2025-12-17 18:47:24","7.1","/data/T1w_seg.nii.gz","532","12","","","","","","","","","","","","","","","","","",""
"2025-12-17 18:47:24","7.1","/data/T1w_seg.nii.gz","533","12","","","","","","","","","","","","","","","","","",""
"2025-12-17 18:47:24","7.1","/data/T1w_seg.nii.gz","534","12","","","","","","","","","","","","","","","","","",""
"2025-12-17 18:47:24","7.1","/data/T1w_seg.nii.gz","535","12","","","","","","","","","","","","","","","","","",""
"2025-12-17 18:47:24","7.1","/data/T1w_seg.nii.gz","536","12","","","","","","","","","","","","","","","","","",""
"2025-12-17 18:47:24","7.1","/data/T1w_seg.nii.gz","537","12","","","","","","","","","","","","","","","","","",""
"2025-12-17 18:47:24","7.1","/data/T1w_seg.nii.gz","538","12","","","","","","","","","","","","","","","","","",""
"2025-12-17 18:47:24","7.1","/data/T1w_seg.nii.gz","539","12","","","","","","","","","","","","","","","","","",""
"2025-12-17 18:47:24","7.1","/data/T1w_seg.nii.gz","540","12","","","","","","","","","","","","","","","","","",""
"2025-12-17 18:47:24","7.1","/data/T1w_seg.nii.gz","541","12","","","","","","","","","","","","","","","","","",""
"2025-12-17 18:47:24","7.1","/data/T1w_seg.nii.gz","542","12","","","","","","","","","","","","","","","","","",""
"2025-12-17 18:47:24","7.1","/data/T1w_seg.nii.gz","543","12","","","","","","","","","","","","","","","","","",""
"2025-12-17 18:47:24","7.1","/data/T1w_seg.nii.gz","544","12","","","","","","","","","","","","","","","","","",""
"2025-12-17 18:47:24","7.1","/data/T1w_seg.nii.gz","545","12","","","","","","","","","","","","","","","","","",""
"2025-12-17 18:47:24","7.1","/data/T1w_seg.nii.gz","546","12","","","","","","","","","","","","","","","","","",""
"2025-12-17 18:47:24","7.1","/data/T1w_seg.nii.gz","547","12","","","","","","","","","","","","","","","","","",""
"2025-12-17 18:47:24","7.1","/data/T1w_seg.nii.gz","548","12","","","","","","","","","","","","","","","","","",""
"2025-12-17 18:47:24","7.1","/data/T1w_seg.nii.gz","549","12","","","","","","","","","","","","","","","","","",""
"2025-12-17 18:47:24","7.1","/data/T1w_seg.nii.gz","550","12","","","","","","","","","","","","","","","","","",""
"2025-12-17 18:47:24","7.1","/data/T1w_seg.nii.gz","551","12","","","","","","","","","","","","","","","","","",""
"2025-12-17 18:47:24","7.1","/data/T1w_seg.nii.gz","552","11","","","","","","","","","","","","","","","","","",""
"2025-12-17 18:47:24","7.1","/data/T1w_seg.nii.gz","553","11","","","","","","","","","","","","","","","","","",""
"2025-12-17 18:47:24","7.1","/data/T1w_seg.nii.gz","554","11","","","","","","","","","","","","","","","","","",""
"2025-12-17 18:47:24","7.1","/data/T1w_seg.nii.gz","555","11","","","","","","","","","","","","","","","","","",""
"2025-12-17 18:47:24","7.1","/data/T1w_seg.nii.gz","556","11","","","","","","","","","","","","","","","","","",""
"2025-12-17 18:47:24","7.1","/data/T1w_seg.nii.gz","557","11","","","","","","","","","","","","","","","","","",""
"2025-12-17 18:47:24","7.1","/data/T1w_seg.nii.gz","558","11","","","","","","","","","","","","","","","","","",""
"2025-12-17 18:47:24","7.1","/data/T1w_seg.nii.gz","559","11","","","","","","","","","","","","","","","","","",""
"2025-12-17 18:47:24","7.1","/data/T1w_seg.nii.gz","560","11","","","","","","","","","","","","","","","","","",""
"2025-12-17 18:47:24","7.1","/data/T1w_seg.nii.gz","561","11","","","","","","","","","","","","","","","","","",""
"2025-12-17 18:47:24","7.1","/data/T1w_seg.nii.gz","562","11","","","","","","","","","","","","","","","","","",""
"2025-12-17 18:47:24","7.1","/data/T1w_seg.nii.gz","563","11","","","","","","","","","","","","","","","","","",""
"2025-12-17 18:47:24","7.1","/data/T1w_seg.nii.gz","564","11","","","","","","","","","","","","","","","","","",""
"2025-12-17 18:47:24","7.1","/data/T1w_seg.nii.gz","565","11","","","","","","","","","","","","","","","","","",""
"2025-12-17 18:47:24","7.1","/data/T1w_seg.nii.gz","566","11","","","","","","","","","","","","","","","","","",""
"2025-12-17 18:47:24","7.1","/data/T1w_seg.nii.gz","567","11","","","","","","","","","","","","","","","","","",""
"2025-12-17 18:47:24","7.1","/data/T1w_seg.nii.gz","568","11","","","","","","","","","","","","","","","","","",""
"2025-12-17 18:47:24","7.1","/data/T1w_seg.nii.gz","569","11","","","","","","","","","","","","","","","","","",""
"2025-12-17 18:47:24","7.1","/data/T1w_seg.nii.gz","570","11","","","","","","","","","","","","","","","","","",""
"2025-12-17 18:47:24","7.1","/data/T1w_seg.nii.gz","571","11","","","","","","","","","","","","","","","","","",""
"2025-12-17 18:47:24","7.1","/data/T1w_seg.nii.gz","572","11","","","","","","","","","","","","","","","","","",""
"2025-12-17 18:47:24","7.1","/data/T1w_seg.nii.gz","573","11","","","","","","","","","","","","","","","","","",""
"2025-12-17 18:47:24","7.1","/data/T1w_seg.nii.gz","574","11","","","","","","","","","","","","","","","","","",""
"2025-12-17 18:47:24","7.1","/data/T1w_seg.nii.gz","575","11","","","","","","","","","","","","","","","","","",""
"2025-12-17 18:47:24","7.1","/data/T1w_seg.nii.gz","576","11","","","","","","","","","","","","","","","","","",""
"2025-12-17 18:47:24","7.1","/data/T1w_seg.nii.gz","577","11","","","","","","","","","","","","","","","","","",""
"2025-12-17 18:47:24","7.1","/data/T1w_seg.nii.gz","578","11","","","","","","","","","","","","","","","","","",""
"2025-12-17 18:47:24","7.1","/data/T1w_seg.nii.gz","579","11","","","","","","","","","","","","","","","","","",""
"2025-12-17 18:47:24","7.1","/data/T1w_seg.nii.gz","580","11","","","","","","","","","","","","","","","","","",""
"2025-12-17 18:47:24","7.1","/data/T1w_seg.nii.gz","581","11","","","","","","","","","","","","","","","","","",""
"2025-12-17 18:47:24","7.1","/data/T1w_seg.nii.gz","582","11","","","","","","","","","","","","","","","","","",""
"2025-12-17 18:47:24","7.1","/data/T1w_seg.nii.gz","583","11","","","","","","","","","","","","","","","","","",""
"2025-12-17 18:47:24","7.1","/data/T1w_seg.nii.gz","584","11","","","","","","","","","","","","","","","","","",""
"2025-12-17 18:47:24","7.1","/data/T1w_seg.nii.gz","585","11","","","","","","","","","","","","","","","","","",""
"2025-12-17 18:47:24","7.1","/data/T1w_seg.nii.gz","586","11","","","","","","","","","","","","","","","","","",""
"2025-12-17 18:47:24","7.1","/data/T1w_seg.nii.gz","587","11","","","","","","","","","","","","","","","","","",""
"2025-12-17 18:47:24","7.1","/data/T1w_seg.nii.gz","588","11","","","","","","","","","","","","","","","","","",""
"2025-12-17 18:47:24","7.1","/data/T1w_seg.nii.gz","589","11","","","","","","","","","","","","","","","","","",""
"2025-12-17 18:47:24","7.1","/data/T1w_seg.nii.gz","590","11","","","","","","","","","","","","","","","","","",""
"2025-12-17 18:47:24","7.1","/data/T1w_seg.nii.gz","591","11","","","","","","","","","","","","","","","","","",""
"2025-12-17 18:47:24","7.1","/data/T1w_seg.nii.gz","592","11","","","","","","","","","","","","","","","","","",""
"2025-12-17 18:47:24","7.1","/data/T1w_seg.nii.gz","593","11","","","","","","","","","","","","","","","","","",""
"2025-12-17 18:47:24","7.1","/data/T1w_seg.nii.gz","594","11","","","","","","","","","","","","","","","","","",""
"2025-12-17 18:47:24","7.1","/data/T1w_seg.nii.gz","595","11","","","","","","","","","","","","","","","","","",""
"2025-12-17 18:47:24","7.1","/data/T1w_seg.nii.gz","596","11","","","","","","","","","","","","","","","","","",""
"2025-12-17 18:47:24","7.1","/data/T1w_seg.nii.gz","597","11","","","","","","","","","","","","","","","","","",""
"2025-12-17 18:47:24","7.1","/data/T1w_seg.nii.gz","598","11","","","","","","","","","","","","","","","","","",""
"2025-12-17 18:47:24","7.1","/data/T1w_seg.nii.gz","599","11","","","","","","","","","","","","","","","","","",""
"2025-12-17 18:47:24","7.1","/data/T1w_seg.nii.gz","600","11","","","","","","","","","","","","","","","","","",""
"2025-12-17 18:47:24","7.1","/data/T1w_seg.nii.gz","601","10","","","","","","","","","","","","","","","","","",""
"2025-12-17 18:47:24","7.1","/data/T1w_seg.nii.gz","602","10","","","","","","","","","","","","","","","","","",""
"2025-12-17 18:47:24","7.1","/data/T1w_seg.nii.gz","603","10","","","","","","","","","","","","","","","","","",""
"2025-12-17 18:47:24","7.1","/data/T1w_seg.nii.gz","604","10","","","","","","","","","","","","","","","","","",""
"2025-12-17 18:47:24","7.1","/data/T1w_seg.nii.gz","605","10","","","","","","","","","","","","","","","","","",""
"2025-12-17 18:47:24","7.1","/data/T1w_seg.nii.gz","606","10","","","","","","","","","","","","","","","","","",""
"2025-12-17 18:47:24","7.1","/data/T1w_seg.nii.gz","607","10","","","","","","","","","","","","","","","","","",""
"2025-12-17 18:47:24","7.1","/data/T1w_seg.nii.gz","608","10","","","","","","","","","","","","","","","","","",""
"2025-12-17 18:47:24","7.1","/data/T1w_seg.nii.gz","609","10","","","","","","","","","","","","","","","","","",""
"2025-12-17 18:47:24","7.1","/data/T1w_seg.nii.gz","610","10","","","","","","","","","","","","","","","","","",""
"2025-12-17 18:47:24","7.1","/data/T1w_seg.nii.gz","611","10","","","","","","","","","","","","","","","","","",""
"2025-12-17 18:47:24","7.1","/data/T1w_seg.nii.gz","612","10","","","","","","","","","","","","","","","","","",""
"2025-12-17 18:47:24","7.1","/data/T1w_seg.nii.gz","613","10","","","","","","","","","","","","","","","","","",""
"2025-12-17 18:47:24","7.1","/data/T1w_seg.nii.gz","614","10","","","","","","","","","","","","","","","","","",""
"2025-12-17 18:47:24","7.1","/data/T1w_seg.nii.gz","615","10","","","","","","","","","","","","","","","","","",""
"2025-12-17 18:47:24","7.1","/data/T1w_seg.nii.gz","616","10","","","","","","","","","","","","","","","","","",""
"2025-12-17 18:47:24","7.1","/data/T1w_seg.nii.gz","617","10","","","","","","","","","","","","","","","","","",""
"2025-12-17 18:47:24","7.1","/data/T1w_seg.nii.gz","618","10","","","","","","","","","","","","","","","","","",""
"2025-12-17 18:47:24","7.1","/data/T1w_seg.nii.gz","619","10","","","","","","","","","","","","","","","","","",""
"2025-12-17 18:47:24","7.1","/data/T1w_seg.nii.gz","620","10","","","","","","","","","","","","","","","","","",""
"2025-12-17 18:47:24","7.1","/data/T1w_seg.nii.gz","621","10","","","","","","","","","","","","","","","","","",""
"2025-12-17 18:47:24","7.1","/data/T1w_seg.nii.gz","622","10","","","","","","","","","","","","","","","","","",""
"2025-12-17 18:47:24","7.1","/data/T1w_seg.nii.gz","623","10","","","","","","","","","","","","","","","","","",""
"2025-12-17 18:47:24","7.1","/data/T1w_seg.nii.gz","624","10","","","","","","","","","","","","","","","","","",""
"2025-12-17 18:47:24","7.1","/data/T1w_seg.nii.gz","625","10","","","","","","","","","","","","","","","","","",""
"2025-12-17 18:47:24","7.1","/data/T1w_seg.nii.gz","626","10","","","","","","","","","","","","","","","","","",""
"2025-12-17 18:47:24","7.1","/data/T1w_seg.nii.gz","627","10","","","","","","","","","","","","","","","","","",""
"2025-12-17 18:47:24","7.1","/data/T1w_seg.nii.gz","628","10","","","","","","","","","","","","","","","","","",""
"2025-12-17 18:47:24","7.1","/data/T1w_seg.nii.gz","629","10","","","","","","","","","","","","","","","","","",""
"2025-12-17 18:47:24","7.1","/data/T1w_seg.nii.gz","630","10","","","","","","","","","","","","","","","","","",""
"2025-12-17 18:47:24","7.1","/data/T1w_seg.nii.gz","631","10","","","","","","","","","","","","","","","","","",""
"2025-12-17 18:47:24","7.1","/data/T1w_seg.nii.gz","632","10","","","","","","","","","","","","","","","","","",""
"2025-12-17 18:47:24","7.1","/data/T1w_seg.nii.gz","633","10","","","","","","","","","","","","","","","","","",""
"2025-12-17 18:47:24","7.1","/data/T1w_seg.nii.gz","634","10","","","","","","","","","","","","","","","","","",""
"2025-12-17 18:47:24","7.1","/data/T1w_seg.nii.gz","635","10","","","","","","","","","","","","","","","","","",""
"2025-12-17 18:47:24","7.1","/data/T1w_seg.nii.gz","636","10","","","","","","","","","","","","","","","","","",""
"2025-12-17 18:47:24","7.1","/data/T1w_seg.nii.gz","637","10","","","","","","","","","","","","","","","","","",""
"2025-12-17 18:47:24","7.1","/data/T1w_seg.nii.gz","638","10","","","","","","","","","","","","","","","","","",""
"2025-12-17 18:47:24","7.1","/data/T1w_seg.nii.gz","639","10","","","","","","","","","","","","","","","","","",""
"2025-12-17 18:47:24","7.1","/data/T1w_seg.nii.gz","640","10","","","","","","","","","","","","","","","","","",""
"2025-12-17 18:47:24","7.1","/data/T1w_seg.nii.gz","641","10","","","","","","","","","","","","","","","","","",""
"2025-12-17 18:47:24","7.1","/data/T1w_seg.nii.gz","642","10","","","","","","","","","","","","","","","","","",""
"2025-12-17 18:47:24","7.1","/data/T1w_seg.nii.gz","643","10","","","","","","","","","","","","","","","","","",""
"2025-12-17 18:47:24","7.1","/data/T1w_seg.nii.gz","644","10","","","","","","","","","","","","","","","","","",""
"2025-12-17 18:47:24","7.1","/data/T1w_seg.nii.gz","645","10","","","","","","","","","","","","","","","","","",""
"2025-12-17 18:47:24","7.1","/data/T1w_seg.nii.gz","646","10","","","","","","","","","","","","","","","","","",""
"2025-12-17 18:47:24","7.1","/data/T1w_seg.nii.gz","647","9","","","","","","","","","","","","","","","","","",""
"2025-12-17 18:47:24","7.1","/data/T1w_seg.nii.gz","648","9","","","","","","","","","","","","","","","","","",""
"2025-12-17 18:47:24","7.1","/data/T1w_seg.nii.gz","649","9","","","","","","","","","","","","","","","","","",""
"2025-12-17 18:47:24","7.1","/data/T1w_seg.nii.gz","650","9","","","","","","","","","","","","","","","","","",""
"2025-12-17 18:47:24","7.1","/data/T1w_seg.nii.gz","651","9","","","","","","","","","","","","","","","","","",""
"2025-12-17 18:47:24","7.1","/data/T1w_seg.nii.gz","652","9","","","","","","","","","","","","","","","","","",""
"2025-12-17 18:47:24","7.1","/data/T1w_seg.nii.gz","653","9","","","","","","","","","","","","","","","","","",""
"2025-12-17 18:47:24","7.1","/data/T1w_seg.nii.gz","654","9","","","","","","","","","","","","","","","","","",""
"2025-12-17 18:47:24","7.1","/data/T1w_seg.nii.gz","655","9","","","","","","","","","","","","","","","","","",""
"2025-12-17 18:47:24","7.1","/data/T1w_seg.nii.gz","656","9","","","","","","","","","","","","","","","","","",""
"2025-12-17 18:47:24","7.1","/data/T1w_seg.nii.gz","657","9","","","","","","","","","","","","","","","","","",""
"2025-12-17 18:47:24","7.1","/data/T1w_seg.nii.gz","658","9","","","","","","","","","","","","","","","","","",""
"2025-12-17 18:47:24","7.1","/data/T1w_seg.nii.gz","659","9","","","","","","","","","","","","","","","","","",""
"2025-12-17 18:47:24","7.1","/data/T1w_seg.nii.gz","660","9","","","","","","","","","","","","","","","","","",""
"2025-12-17 18:47:24","7.1","/data/T1w_seg.nii.gz","661","9","","","","","","","","","","","","","","","","","",""
"2025-12-17 18:47:24","7.1","/data/T1w_seg.nii.gz","662","9","","","","","","","","","","","","","","","","","",""
"2025-12-17 18:47:24","7.1","/data/T1w_seg.nii.gz","663","9","","","","","","","","","","","","","","","","","",""
"2025-12-17 18:47:24","7.1","/data/T1w_seg.nii.gz","664","9","","","","","","","","","","","","","","","","","",""
"2025-12-17 18:47:24","7.1","/data/T1w_seg.nii.gz","665","9","","","","","","","","","","","","","","","","","",""
"2025-12-17 18:47:24","7.1","/data/T1w_seg.nii.gz","666","9","","","","","","","","","","","","","","","","","",""
"2025-12-17 18:47:24","7.1","/data/T1w_seg.nii.gz","667","9","","","","","","","","","","","","","","","","","",""
"2025-12-17 18:47:24","7.1","/data/T1w_seg.nii.gz","668","9","","","","","","","","","","","","","","","","","",""
"2025-12-17 18:47:24","7.1","/data/T1w_seg.nii.gz","669","9","","","","","","","","","","","","","","","","","",""
"2025-12-17 18:47:24","7.1","/data/T1w_seg.nii.gz","670","9","","","","","","","","","","","","","","","","","",""
"2025-12-17 18:47:24","7.1","/data/T1w_seg.nii.gz","671","9","","","","","","","","","","","","","","","","","",""
"2025-12-17 18:47:24","7.1","/data/T1w_seg.nii.gz","672","9","","","","","","","","","","","","","","","","","",""
"2025-12-17 18:47:24","7.1","/data/T1w_seg.nii.gz","673","9","","","","","","","","","","","","","","","","","",""
"2025-12-17 18:47:24","7.1","/data/T1w_seg.nii.gz","674","9","","","","","","","","","","","","","","","","","",""
"2025-12-17 18:47:24","7.1","/data/T1w_seg.nii.gz","675","9","","","","","","","","","","","","","","","","","",""
"2025-12-17 18:47:24","7.1","/data/T1w_seg.nii.gz","676","9","","","","","","","","","","","","","","","","","",""
"2025-12-17 18:47:24","7.1","/data/T1w_seg.nii.gz","677","9","","","","","","","","","","","","","","","","","",""
"2025-12-17 18:47:24","7.1","/data/T1w_seg.nii.gz","678","9","","","","","","","","","","","","","","","","","",""
"2025-12-17 18:47:24","7.1","/data/T1w_seg.nii.gz","679","9","","","","","","","","","","","","","","","","","",""
"2025-12-17 18:47:24","7.1","/data/T1w_seg.nii.gz","680","9","","","","","","","","","","","","","","","","","",""
"2025-12-17 18:47:24","7.1","/data/T1w_seg.nii.gz","681","9","","","","","","","","","","","","","","","","","",""
"2025-12-17 18:47:24","7.1","/data/T1w_seg.nii.gz","682","9","","","","","","","","","","","","","","","","","",""
"2025-12-17 18:47:24","7.1","/data/T1w_seg.nii.gz","683","9","","","","","","","","","","","","","","","","","",""
"2025-12-17 18:47:24","7.1","/data/T1w_seg.nii.gz","684","9","","","","","","","","","","","","","","","","","",""
"2025-12-17 18:47:24","7.1","/data/T1w_seg.nii.gz","685","9","","","","","","","","","","","","","","","","","",""
"2025-12-17 18:47:24","7.1","/data/T1w_seg.nii.gz","686","9","","","","","","","","","","","","","","","","","",""
"2025-12-17 18:47:24","7.1","/data/T1w_seg.nii.gz","687","9","","","","","","","","","","","","","","","","","",""
"2025-12-17 18:47:24","7.1","/data/T1w_seg.nii.gz","688","9","","","","","","","","","","","","","","","","","",""
"2025-12-17 18:47:24","7.1","/data/T1w_seg.nii.gz","689","9","","","","","","","","","","","","","","","","","",""
"2025-12-17 18:47:24","7.1","/data/T1w_seg.nii.gz","690","9","","","","","","","","","","","","","","","","","",""
"2025-12-17 18:47:24","7.1","/data/T1w_seg.nii.gz","691","9","","","","","","","","","","","","","","","","","",""
"2025-12-17 18:47:24","7.1","/data/T1w_seg.nii.gz","692","9","","","","","","","","","","","","","","","","","",""
"2025-12-17 18:47:24","7.1","/data/T1w_seg.nii.gz","693","8","","","","","","","","","","","","","","","","","",""
"2025-12-17 18:47:24","7.1","/data/T1w_seg.nii.gz","694","8","","","","","","","","","","","","","","","","","",""
"2025-12-17 18:47:24","7.1","/data/T1w_seg.nii.gz","695","8","","","","","","","","","","","","","","","","","",""
"2025-12-17 18:47:24","7.1","/data/T1w_seg.nii.gz","696","8","","","","","","","","","","","","","","","","","",""
"2025-12-17 18:47:24","7.1","/data/T1w_seg.nii.gz","697","8","","","","","","","","","","","","","","","","","",""
"2025-12-17 18:47:24","7.1","/data/T1w_seg.nii.gz","698","8","","","","","","","","","","","","","","","","","",""
"2025-12-17 18:47:24","7.1","/data/T1w_seg.nii.gz","699","8","","","","","","","","","","","","","","","","","",""
"2025-12-17 18:47:24","7.1","/data/T1w_seg.nii.gz","700","8","","","","","","","","","","","","","","","","","",""
"2025-12-17 18:47:24","7.1","/data/T1w_seg.nii.gz","701","8","","","","","","","","","","","","","","","","","",""
"2025-12-17 18:47:24","7.1","/data/T1w_seg.nii.gz","702","8","","","","","","","","","","","","","","","","","",""
"2025-12-17 18:47:24","7.1","/data/T1w_seg.nii.gz","703","8","","","","","","","","","","","","","","","","","",""
"2025-12-17 18:47:24","7.1","/data/T1w_seg.nii.gz","704","8","","","","","","","","","","","","","","","","","",""
"2025-12-17 18:47:24","7.1","/data/T1w_seg.nii.gz","705","8","","","","","","","","","","","","","","","","","",""
"2025-12-17 18:47:24","7.1","/data/T1w_seg.nii.gz","706","8","","","","","","","","","","","","","","","","","",""
"2025-12-17 18:47:24","7.1","/data/T1w_seg.nii.gz","707","8","","","","","","","","","","","","","","","","","",""
"2025-12-17 18:47:24","7.1","/data/T1w_seg.nii.gz","708","8","","","","","","","","","","","","","","","","","",""
"2025-12-17 18:47:24","7.1","/data/T1w_seg.nii.gz","709","8","","","","","","","","","","","","","","","","","",""
"2025-12-17 18:47:24","7.1","/data/T1w_seg.nii.gz","710","8","","","","","","","","","","","","","","","","","",""
"2025-12-17 18:47:24","7.1","/data/T1w_seg.nii.gz","711","8","","","","","","","","","","","","","","","","","",""
"2025-12-17 18:47:24","7.1","/data/T1w_seg.nii.gz","712","8","","","","","","","","","","","","","","","","","",""
"2025-12-17 18:47:24","7.1","/data/T1w_seg.nii.gz","713","8","","","","","","","","","","","","","","","","","",""
"2025-12-17 18:47:24","7.1","/data/T1w_seg.nii.gz","714","8","","","","","","","","","","","","","","","","","",""
"2025-12-17 18:47:24","7.1","/data/T1w_seg.nii.gz","715","8","","","","","","","","","","","","","","","","","",""
"2025-12-17 18:47:24","7.1","/data/T1w_seg.nii.gz","716","8","","","","","","","","","","","","","","","","","",""
"2025-12-17 18:47:24","7.1","/data/T1w_seg.nii.gz","717","8","","","","","","","","","","","","","","","","","",""
"2025-12-17 18:47:24","7.1","/data/T1w_seg.nii.gz","718","8","","","","","","","","","","","","","","","","","",""
"2025-12-17 18:47:24","7.1","/data/T1w_seg.nii.gz","719","8","","","","","","","","","","","","","","","","","",""
"2025-12-17 18:47:24","7.1","/data/T1w_seg.nii.gz","720","8","","","","","","","","","","","","","","","","","",""
"2025-12-17 18:47:24","7.1","/data/T1w_seg.nii.gz","721","8","","","","","","","","","","","","","","","","","",""
"2025-12-17 18:47:24","7.1","/data/T1w_seg.nii.gz","722","8","","","","","","","","","","","","","","","","","",""
"2025-12-17 18:47:24","7.1","/data/T1w_seg.nii.gz","723","8","","","","","","","","","","","","","","","","","",""
"2025-12-17 18:47:24","7.1","/data/T1w_seg.nii.gz","724","8","","","","","","","","","","","","","","","","","",""
"2025-12-17 18:47:24","7.1","/data/T1w_seg.nii.gz","725","8","","","","","","","","","","","","","","","","","",""
"2025-12-17 18:47:24","7.1","/data/T1w_seg.nii.gz","726","8","","","","","","","","","","","","","","","","","",""
"2025-12-17 18:47:24","7.1","/data/T1w_seg.nii.gz","727","8","","","","","","","","","","","","","","","","","",""
"2025-12-17 18:47:24","7.1","/data/T1w_seg.nii.gz","728","8","","","","","","","","","","","","","","","","","",""
"2025-12-17 18:47:24","7.1","/data/T1w_seg.nii.gz","729","8","","","","","","","","","","","","","","","","","",""
"2025-12-17 18:47:24","7.1","/data/T1w_seg.nii.gz","730","8","","","","","","","","","","","","","","","","","",""
"2025-12-17 18:47:24","7.1","/data/T1w_seg.nii.gz","731","8","","","","","","","","","","","","","","","","","",""
"2025-12-17 18:47:24","7.1","/data/T1w_seg.nii.gz","732","8","","","","","","","","","","","","","","","","","",""
"2025-12-17 18:47:24","7.1","/data/T1w_seg.nii.gz","733","8","","","","","","","","","","","","","","","","","",""
"2025-12-17 18:47:24","7.1","/data/T1w_seg.nii.gz","734","8","","","","","","","","","","","","","","","","","",""
"2025-12-17 18:47:24","7.1","/data/T1w_seg.nii.gz","735","8","","","","","","","","","","","","","","","","","",""
"2025-12-17 18:47:24","7.1","/data/T1w_seg.nii.gz","736","7","","","","","","","","","","","","","","","","","",""
"2025-12-17 18:47:24","7.1","/data/T1w_seg.nii.gz","737","7","","","","","","","","","","","","","","","","","",""
"2025-12-17 18:47:24","7.1","/data/T1w_seg.nii.gz","738","7","","","","","","","","","","","","","","","","","",""
"2025-12-17 18:47:24","7.1","/data/T1w_seg.nii.gz","739","7","","","","","","","","","","","","","","","","","",""
"2025-12-17 18:47:24","7.1","/data/T1w_seg.nii.gz","740","7","","","","","","","","","","","","","","","","","",""
"2025-12-17 18:47:24","7.1","/data/T1w_seg.nii.gz","741","7","","","","","","","","","","","","","","","","","",""
"2025-12-17 18:47:24","7.1","/data/T1w_seg.nii.gz","742","7","","","","","","","","","","","","","","","","","",""
"2025-12-17 18:47:24","7.1","/data/T1w_seg.nii.gz","743","7","","","","","","","","","","","","","","","","","",""
"2025-12-17 18:47:24","7.1","/data/T1w_seg.nii.gz","744","7","","","","","","","","","","","","","","","","","",""
"2025-12-17 18:47:24","7.1","/data/T1w_seg.nii.gz","745","7","","","","","","","","","","","","","","","","","",""
"2025-12-17 18:47:24","7.1","/data/T1w_seg.nii.gz","746","7","","","","","","","","","","","","","","","","","",""
"2025-12-17 18:47:24","7.1","/data/T1w_seg.nii.gz","747","7","","","","","","","","","","","","","","","","","",""
"2025-12-17 18:47:24","7.1","/data/T1w_seg.nii.gz","748","7","","","","","","","","","","","","","","","","","",""
"2025-12-17 18:47:24","7.1","/data/T1w_seg.nii.gz","749","7","","","","","","","","","","","","","","","","","",""
"2025-12-17 18:47:24","7.1","/data/T1w_seg.nii.gz","750","7","","","","","","","","","","","","","","","","","",""
"2025-12-17 18:47:24","7.1","/data/T1w_seg.nii.gz","751","7","","","","","","","","","","","","","","","","","",""
"2025-12-17 18:47:24","7.1","/data/T1w_seg.nii.gz","752","7","","","","","","","","","","","","","","","","","",""
"2025-12-17 18:47:24","7.1","/data/T1w_seg.nii.gz","753","7","","","","","","","","","","","","","","","","","",""
"2025-12-17 18:47:24","7.1","/data/T1w_seg.nii.gz","754","7","","","","","","","","","","","","","","","","","",""
"2025-12-17 18:47:24","7.1","/data/T1w_seg.nii.gz","755","7","","","","","","","","","","","","","","","","","",""
"2025-12-17 18:47:24","7.1","/data/T1w_seg.nii.gz","756","7","","","","","","","","","","","","","","","","","",""
"2025-12-17 18:47:24","7.1","/data/T1w_seg.nii.gz","757","7","","","","","","","","","","","","","","","","","",""
"2025-12-17 18:47:24","7.1","/data/T1w_seg.nii.gz","758","7","","","","","","","","","","","","","","","","","",""
"2025-12-17 18:47:24","7.1","/data/T1w_seg.nii.gz","759","7","","","","","","","","","","","","","","","","","",""
"2025-12-17 18:47:24","7.1","/data/T1w_seg.nii.gz","760","7","","","","","","","","","","","","","","","","","",""
"2025-12-17 18:47:24","7.1","/data/T1w_seg.nii.gz","761","7","","","","","","","","","","","","","","","","","",""
"2025-12-17 18:47:24","7.1","/data/T1w_seg.nii.gz","762","7","","","","","","","","","","","","","","","","","",""
"2025-12-17 18:47:24","7.1","/data/T1w_seg.nii.gz","763","7","","","","","","","","","","","","","","","","","",""
"2025-12-17 18:47:24","7.1","/data/T1w_seg.nii.gz","764","7","","","","","","","","","","","","","","","","","",""
"2025-12-17 18:47:24","7.1","/data/T1w_seg.nii.gz","765","7","","","","","","","","","","","","","","","","","",""
"2025-12-17 18:47:24","7.1","/data/T1w_seg.nii.gz","766","7","","","","","","","","","","","","","","","","","",""
"2025-12-17 18:47:24","7.1","/data/T1w_seg.nii.gz","767","7","","","","","","","","","","","","","","","","","",""
"2025-12-17 18:47:24","7.1","/data/T1w_seg.nii.gz","768","7","","","","","","","","","","","","","","","","","",""
"2025-12-17 18:47:24","7.1","/data/T1w_seg.nii.gz","769","7","","","","","","","","","","","","","","","","","",""
"2025-12-17 18:47:24","7.1","/data/T1w_seg.nii.gz","770","6","","","","","","","","","","","","","","","","","",""
"2025-12-17 18:47:24","7.1","/data/T1w_seg.nii.gz","771","6","","","","","","","","","","","","","","","","","",""
"2025-12-17 18:47:24","7.1","/data/T1w_seg.nii.gz","772","6","","","","","","","","","","","","","","","","","",""
"2025-12-17 18:47:24","7.1","/data/T1w_seg.nii.gz","773","6","","","","","","","","","","","","","","","","","",""
"2025-12-17 18:47:24","7.1","/data/T1w_seg.nii.gz","774","6","","","","","","","","","","","","","","","","","",""
"2025-12-17 18:47:24","7.1","/data/T1w_seg.nii.gz","775","6","","","","","","","","","","","","","","","","","",""
"2025-12-17 18:47:24","7.1","/data/T1w_seg.nii.gz","776","6","","","","","","","","","","","","","","","","","",""
"2025-12-17 18:47:24","7.1","/data/T1w_seg.nii.gz","777","6","","","","","","","","","","","","","","","","","",""
"2025-12-17 18:47:24","7.1","/data/T1w_seg.nii.gz","778","6","","","","","","","","","","","","","","","","","",""
"2025-12-17 18:47:24","7.1","/data/T1w_seg.nii.gz","779","6","","","","","","","","","","","","","","","","","",""
"2025-12-17 18:47:24","7.1","/data/T1w_seg.nii.gz","780","6","","","","","","","","","","","","","","","","","",""
"2025-12-17 18:47:24","7.1","/data/T1w_seg.nii.gz","781","6","","","","","","","","","","","","","","","","","",""
"2025-12-17 18:47:24","7.1","/data/T1w_seg.nii.gz","782","6","","","","","","","","","","","","","","","","","",""
"2025-12-17 18:47:24","7.1","/data/T1w_seg.nii.gz","783","6","","","","","","","","","","","","","","","","","",""
"2025-12-17 18:47:24","7.1","/data/T1w_seg.nii.gz","784","6","","","","","","","","","","","","","","","","","",""
"2025-12-17 18:47:24","7.1","/data/T1w_seg.nii.gz","785","6","","","","","","","","","","","","","","","","","",""
"2025-12-17 18:47:24","7.1","/data/T1w_seg.nii.gz","786","6","","","","","","","","","","","","","","","","","",""
"2025-12-17 18:47:24","7.1","/data/T1w_seg.nii.gz","787","6","","","","","","","","","","","","","","","","","",""
"2025-12-17 18:47:24","7.1","/data/T1w_seg.nii.gz","788","6","","","","","","","","","","","","","","","","","",""
"2025-12-17 18:47:24","7.1","/data/T1w_seg.nii.gz","789","6","","","","","","","","","","","","","","","","","",""
"2025-12-17 18:47:24","7.1","/data/T1w_seg.nii.gz","790","6","","","","","","","","","","","","","","","","","",""
"2025-12-17 18:47:24","7.1","/data/T1w_seg.nii.gz","791","6","","","","","","","","","","","","","","","","","",""
"2025-12-17 18:47:24","7.1","/data/T1w_seg.nii.gz","792","6","","","","","","","","","","","","","","","","","",""
"2025-12-17 18:47:24","7.1","/data/T1w_seg.nii.gz","793","6","","","","","","","","","","","","","","","","","",""
"2025-12-17 18:47:24","7.1","/data/T1w_seg.nii.gz","794","6","","","","","","","","","","","","","","","","","",""
"2025-12-17 18:47:24","7.1","/data/T1w_seg.nii.gz","795","6","","","","","","","","","","","","","","","","","",""
"2025-12-17 18:47:24","7.1","/data/T1w_seg.nii.gz","796","6","","","","","","","","","","","","","","","","","",""
"2025-12-17 18:47:24","7.1","/data/T1w_seg.nii.gz","797","6","","","","","","","","","","","","","","","","","",""
"2025-12-17 18:47:24","7.1","/data/T1w_seg.nii.gz","798","6","","","","","","","","","","","","","","","","","",""
"2025-12-17 18:47:24","7.1","/data/T1w_seg.nii.gz","799","6","","","","","","","","","","","","","","","","","",""
"2025-12-17 18:47:24","7.1","/data/T1w_seg.nii.gz","800","6","","","","","","","","","","","","","","","","","",""
"2025-12-17 18:47:24","7.1","/data/T1w_seg.nii.gz","801","5","","","","","","","","","","","","","","","","","",""
"2025-12-17 18:47:24","7.1","/data/T1w_seg.nii.gz","802","5","","","","","","","","","","","","","","","","","",""
"2025-12-17 18:47:24","7.1","/data/T1w_seg.nii.gz","803","5","","","","","","","","","","","","","","","","","",""
"2025-12-17 18:47:24","7.1","/data/T1w_seg.nii.gz","804","5","","","","","","","","","","","","","","","","","",""
"2025-12-17 18:47:24","7.1","/data/T1w_seg.nii.gz","805","5","","","","","","","","","","","","","","","","","",""
"2025-12-17 18:47:24","7.1","/data/T1w_seg.nii.gz","806","5","","","","","","","","","","","","","","","","","",""
"2025-12-17 18:47:24","7.1","/data/T1w_seg.nii.gz","807","5","","","","","","","","","","","","","","","","","",""
"2025-12-17 18:47:24","7.1","/data/T1w_seg.nii.gz","808","5","","","","","","","","","","","","","","","","","",""
"2025-12-17 18:47:24","7.1","/data/T1w_seg.nii.gz","809","5","","","","","","","","","","","","","","","","","",""
"2025-12-17 18:47:24","7.1","/data/T1w_seg.nii.gz","810","5","","","","","","","","","","","","","","","","","",""
"2025-12-17 18:47:24","7.1","/data/T1w_seg.nii.gz","811","5","","","","","","","","","","","","","","","","","",""
"2025-12-17 18:47:24","7.1","/data/T1w_seg.nii.gz","812","5","","","","","","","","","","","","","","","","","",""
"2025-12-17 18:47:24","7.1","/data/T1w_seg.nii.gz","813","5","","","","","","","","","","","","","","","","","",""
"2025-12-17 18:47:24","7.1","/data/T1w_seg.nii.gz","814","5","","","","","","","","","","","","","","","","","",""
"2025-12-17 18:47:24","7.1","/data/T1w_seg.nii.gz","815","5","","","","","","","","","","","","","","","","","",""
"2025-12-17 18:47:24","7.1","/data/T1w_seg.nii.gz","816","5","","","","","","","","","","","","","","","","","",""
"2025-12-17 18:47:24","7.1","/data/T1w_seg.nii.gz","817","5","","","","","","","","","","","","","","","","","",""
"2025-12-17 18:47:24","7.1","/data/T1w_seg.nii.gz","818","5","","","","","","","","","","","","","","","","","",""
"2025-12-17 18:47:24","7.1","/data/T1w_seg.nii.gz","819","5","","","","","","","","","","","","","","","","","",""
"2025-12-17 18:47:24","7.1","/data/T1w_seg.nii.gz","820","5","","","","","","","","","","","","","","","","","",""
"2025-12-17 18:47:24","7.1","/data/T1w_seg.nii.gz","821","5","","","","","","","","","","","","","","","","","",""
"2025-12-17 18:47:24","7.1","/data/T1w_seg.nii.gz","822","5","","","","","","","","","","","","","","","","","",""
"2025-12-17 18:47:24","7.1","/data/T1w_seg.nii.gz","823","5","","","","","","","","","","","","","","","","","",""
"2025-12-17 18:47:24","7.1","/data/T1w_seg.nii.gz","824","5","","","","","","","","","","","","","","","","","",""
"2025-12-17 18:47:24","7.1","/data/T1w_seg.nii.gz","825","5","","","","","","","","","","","","","","","","","",""
"2025-12-17 18:47:24","7.1","/data/T1w_seg.nii.gz","826","5","","","","","","","","","","","","","","","","","",""
"2025-12-17 18:47:24","7.1","/data/T1w_seg.nii.gz","827","5","","","","","","","","","","","","","","","","","",""
"2025-12-17 18:47:24","7.1","/data/T1w_seg.nii.gz","828","5","","","","","","","","","","","","","","","","","",""
"2025-12-17 18:47:24","7.1","/data/T1w_seg.nii.gz","829","5","","","","","","","","","","","","","","","","","",""
"2025-12-17 18:47:24","7.1","/data/T1w_seg.nii.gz","830","5","","","","","","","","","","","","","","","","","",""
"2025-12-17 18:47:24","7.1","/data/T1w_seg.nii.gz","831","5","","","","","","","","","","","","","","","","","",""
"2025-12-17 18:47:24","7.1","/data/T1w_seg.nii.gz","832","5","","","","","","","","","","","","","","","","","",""
"2025-12-17 18:47:24","7.1","/data/T1w_seg.nii.gz","833","5","","","","","","","","","","","","","","","","","",""
"2025-12-17 18:47:24","7.1","/data/T1w_seg.nii.gz","834","4","","","","","","","","","","","","","","","","","",""
"2025-12-17 18:47:24","7.1","/data/T1w_seg.nii.gz","835","4","","","","","","","","","","","","","","","","","",""
"2025-12-17 18:47:24","7.1","/data/T1w_seg.nii.gz","836","4","","","","","","","","","","","","","","","","","",""
"2025-12-17 18:47:24","7.1","/data/T1w_seg.nii.gz","837","4","","","","","","","","","","","","","","","","","",""
"2025-12-17 18:47:24","7.1","/data/T1w_seg.nii.gz","838","4","","","","","","","","","","","","","","","","","",""
"2025-12-17 18:47:24","7.1","/data/T1w_seg.nii.gz","839","4","","","","","","","","","","","","","","","","","",""
"2025-12-17 18:47:24","7.1","/data/T1w_seg.nii.gz","840","4","","","","","","","","","","","","","","","","","",""
"2025-12-17 18:47:24","7.1","/data/T1w_seg.nii.gz","841","4","","","","","","","","","","","","","","","","","",""
"2025-12-17 18:47:24","7.1","/data/T1w_seg.nii.gz","842","4","","","","","","","","","","","","","","","","","",""
"2025-12-17 18:47:24","7.1","/data/T1w_seg.nii.gz","843","4","","","","","","","","","","","","","","","","","",""
"2025-12-17 18:47:24","7.1","/data/T1w_seg.nii.gz","844","4","","","","","","","","","","","","","","","","","",""
"2025-12-17 18:47:24","7.1","/data/T1w_seg.nii.gz","845","4","","","","","","","","","","","","","","","","","",""
"2025-12-17 18:47:24","7.1","/data/T1w_seg.nii.gz","846","4","","","","","","","","","","","","","","","","","",""
"2025-12-17 18:47:24","7.1","/data/T1w_seg.nii.gz","847","4","","","","","","","","","","","","","","","","","",""
"2025-12-17 18:47:24","7.1","/data/T1w_seg.nii.gz","848","4","","","","","","","","","","","","","","","","","",""
"2025-12-17 18:47:24","7.1","/data/T1w_seg.nii.gz","849","4","","","","","","","","","","","","","","","","","",""
"2025-12-17 18:47:24","7.1","/data/T1w_seg.nii.gz","850","4","","","","","","","","","","","","","","","","","",""
"2025-12-17 18:47:24","7.1","/data/T1w_seg.nii.gz","851","4","","","","","","","","","","","","","","","","","",""
"2025-12-17 18:47:24","7.1","/data/T1w_seg.nii.gz","852","4","","","","","","","","","","","","","","","","","",""
"2025-12-17 18:47:24","7.1","/data/T1w_seg.nii.gz","853","4","","","","","","","","","","","","","","","","","",""
"2025-12-17 18:47:24","7.1","/data/T1w_seg.nii.gz","854","4","","","","","","","","","","","","","","","","","",""
"2025-12-17 18:47:24","7.1","/data/T1w_seg.nii.gz","855","4","","","","","","","","","","","","","","","","","",""
"2025-12-17 18:47:24","7.1","/data/T1w_seg.nii.gz","856","4","","","","","","","","","","","","","","","","","",""
"2025-12-17 18:47:24","7.1","/data/T1w_seg.nii.gz","857","4","","","","","","","","","","","","","","","","","",""
"2025-12-17 18:47:24","7.1","/data/T1w_seg.nii.gz","858","4","","","","","","","","","","","","","","","","","",""
"2025-12-17 18:47:24","7.1","/data/T1w_seg.nii.gz","859","4","","","","","","","","","","","","","","","","","",""
"2025-12-17 18:47:24","7.1","/data/T1w_seg.nii.gz","860","4","",65.0968163481753,0.0,-0.013112421819334839,0.0,9.425223484447525,0.0,6.108897013283542,0.0,13.296490844193295,0.0,0.8882104705715148,0.0,0.0,0.0,0.9658744667885436,0.0,""
"2025-12-17 18:47:24","7.1","/data/T1w_seg.nii.gz","861","4","",65.57356483858744,0.0,-0.18312555552054915,0.0,8.975537007257238,0.0,6.199667834134326,0.0,13.362231843157282,0.0,0.8858467017094116,0.0,0.48371012461941415,0.0,0.9691899766086517,0.0,""
"2025-12-17 18:47:24","7.1","/data/T1w_seg.nii.gz","862","4","",66.05031332899961,0.0,-0.3531386892217635,0.0,8.525850530066949,0.0,6.290438654985111,0.0,13.42797284212127,0.0,0.8834829328473083,0.0,0.9674202492388283,0.0,0.9725054864287598,0.0,""
"2025-12-17 18:47:24","7.1","/data/T1w_seg.nii.gz","863","4","",65.52943291061739,0.0,-0.5205895414360098,0.0,8.080776410434712,0.0,6.308091286352548,0.0,13.34461666861856,0.0,0.8811677475508525,0.0,1.4281423643545266,0.0,0.9735697915682333,0.0,""
"2025-12-17 18:47:24","7.1","/data/T1w_seg.nii.gz","864","4","",64.01092358344079,0.0,-0.685478112163288,0.0,7.640314648360527,0.0,6.252625728236639,0.0,13.11216332264915,0.0,0.878901145820044,0.0,1.865876469966509,0.0,0.9723828920270722,0.0,""
"2025-12-17 18:47:24","7.1","/data/T1w_seg.nii.gz","865","4","",62.4924142562642,0.0,-0.8503666828905663,0.0,7.199852886286342,0.0,6.19716017012073,0.0,12.879709976679743,0.0,0.8766345440892356,0.0,2.303610575578491,0.0,0.971195992485911,0.0,""
"2025-12-17 18:47:24","7.1","/data/T1w_seg.nii.gz","866","4","",63.34012267177195,0.0,-1.0101160814572385,0.0,6.769107994428396,0.0,6.2607378103792275,0.0,12.9259175650619,0.0,0.8748694348353172,0.0,2.37727755103703,0.0,0.9763097088618485,0.0,""
"2025-12-17 18:47:24","7.1","/data/T1w_seg.nii.gz","867","4","",64.1878310872797,0.0,-1.1698654800239108,0.0,6.33836310257045,0.0,6.324315450637725,0.0,12.972125153444058,0.0,0.8731043255813989,0.0,2.450944526495569,0.0,0.981423425237786,0.0,""
"2025-12-17 18:47:24","7.1","/data/T1w_seg.nii.gz","868","4","",64.63297249231304,0.0,-1.3270394834383916,0.0,5.912700540555857,0.0,6.352767982312122,0.0,13.000887461260152,0.0,0.8724837662161993,0.0,2.4614295024517996,0.0,0.9832530228093999,0.0,""
"2025-12-17 18:47:24","7.1","/data/T1w_seg.nii.gz","869","4","",64.67554688687196,0.0,-1.4816380917006813,0.0,5.492120308384617,0.0,6.34609540540242,0.0,13.012204488510188,0.0,0.8730077567397183,0.0,2.408732478905722,0.0,0.98179850157669,0.0,""
"2025-12-17 18:47:24","7.1","/data/T1w_seg.nii.gz","870","4","",64.71812128143087,0.0,-1.636236699962971,0.0,5.071540076213377,0.0,6.339422828492718,0.0,13.02352151576022,0.0,0.8735317472632373,0.0,2.356035455359644,0.0,0.9803439803439803,0.0,""
"2025-12-17 18:47:24","7.1","/data/T1w_seg.nii.gz","871","3","",64.79764516942446,0.0,-2.009834087291826,0.0,4.046509729052194,0.0,6.312903896633829,0.0,13.141946631124362,0.0,0.8770698160809232,0.0,2.0672840763357785,0.0,0.9827904118008605,0.0,""
"2025-12-17 18:47:24","7.1","/data/T1w_seg.nii.gz","872","3","",64.81737288279162,0.0,-2.1400805117688284,0.0,3.6862251753290995,0.0,6.3152278454593835,0.0,13.14607909971205,0.0,0.877055704842345,0.0,2.1224411911733556,0.0,0.982174939896567,0.0,""
"2025-12-17 18:47:24","7.1","/data/T1w_seg.nii.gz","873","3","",64.83710059615878,0.0,-2.270326936245831,0.0,3.325940621606005,0.0,6.317551794284938,0.0,13.150211568299738,0.0,0.8770415936037668,0.0,2.177598306010933,0.0,0.9815594679922734,0.0,""
"2025-12-17 18:47:24","7.1","/data/T1w_seg.nii.gz","874","3","",64.85491992205654,0.0,-2.3994962704533624,0.0,2.9679986767901907,0.0,6.319281483561794,0.0,13.155194766021731,0.0,0.877069148626276,0.0,2.220445929685639,0.0,0.9814367021976576,0.0,""
"2025-12-17 18:47:24","7.1","/data/T1w_seg.nii.gz","875","3","",64.8663779563896,0.0,-2.5250753037626565,0.0,2.6178654283319767,0.0,6.3190303076763215,0.0,13.16301372752474,0.0,0.8772355911857435,0.0,2.2222619161507735,0.0,0.9829562901019672,0.0,""
"2025-12-17 18:47:24","7.1","/data/T1w_seg.nii.gz","876","3","",64.87783599072267,0.0,-2.650654337071951,0.0,2.2677321798737626,0.0,6.318779131790849,0.0,13.17083268902775,0.0,0.8774020337452109,0.0,2.224077902615908,0.0,0.9844758780062768,0.0,""
"2025-12-17 18:47:24","7.1","/data/T1w_seg.nii.gz","877","3","",64.38661303899852,0.0,-2.7740783722985998,0.0,1.92239891343769,0.0,6.32485769464205,0.0,13.037300304506681,0.0,0.8741372228852606,0.0,1.866307060577897,0.0,0.9843153016833743,0.0,""
"2025-12-17 18:47:24","7.1","/data/T1w_seg.nii.gz","878","3","",63.308928936874274,0.0,-2.894988243095496,0.0,1.5826656260274488,0.0,6.33832095268604,0.0,12.738858016290857,0.0,0.8668692830359898,0.0,1.0890182519528828,0.0,0.9821945337620579,0.0,""
"2025-12-17 18:47:24","7.1","/data/T1w_seg.nii.gz","879","3","",62.23124483475003,0.0,-3.0158981138923924,0.0,1.2429323386172075,0.0,6.35178421073003,0.0,12.440415728075033,0.0,0.859601343186719,0.0,0.31172944332786856,0.0,0.9800737658407415,0.0,""
"2025-12-17 18:47:24","7.1","/data/T1w_seg.nii.gz","880","3","",61.89768614768859,0.0,-3.1335754275188803,0.0,0.9105464188298844,0.0,6.349438424815237,0.0,12.376495680332162,0.0,0.8583609121605345,0.0,0.0633368248908532,0.0,0.980388538506683,0.0,""
"2025-12-17 18:47:24","7.1","/data/T1w_seg.nii.gz","881","3","",61.894849867321724,0.0,-3.249816049069631,0.0,0.5814259957638582,0.0,6.340066397140986,0.0,12.416807739466158,0.0,0.8597993739446104,0.0,0.05000917987072513,0.0,0.9817857736558503,0.0,""
"2025-12-17 18:47:24","7.1","/data/T1w_seg.nii.gz","882","3","",61.89201358695486,0.0,-3.3660566706203823,0.0,0.25230557269783205,0.0,6.330694369466735,0.0,12.457119798600154,0.0,0.8612378357286863,0.0,0.03668153485059708,0.0,0.9831830088050176,0.0,""
"2025-12-17 18:47:24","7.1","/data/T1w_seg.nii.gz","883","3","",61.883724483941116,0.0,-3.4779885196751326,0.0,-0.06685311743473879,0.0,6.327688695861228,0.0,12.466053509566684,0.0,0.8615961259752749,0.0,0.03779662725955416,0.0,0.9832940657197311,0.0,""
"2025-12-17 18:47:24","7.1","/data/T1w_seg.nii.gz","884","3","",61.87498097904013,0.0,-3.589561304355216,0.0,-0.3851816631561884,0.0,6.32521355176145,0.0,12.472372358185927,0.0,0.8618644019270729,0.0,0.04011528112093501,0.0,0.9832979411149068,0.0,""
"2025-12-17 18:47:24","7.1","/data/T1w_seg.nii.gz","885","3","",61.810023087113706,0.0,-3.7004163807288606,0.0,-0.7018272756886414,0.0,6.329295735375144,0.0,12.458171087796327,0.0,0.8612866558475863,0.0,0.19371314980272664,0.0,0.9838982424483388,0.0,""
"2025-12-17 18:47:24","7.1","/data/T1w_seg.nii.gz","886","3","",61.43588606654739,0.0,-3.8073240614170905,0.0,-1.009216755681613,0.0,6.369443221412937,0.0,12.331109162858093,0.0,0.8560557885960345,0.0,1.1793466999967808,0.0,0.9877788864421813,0.0,""
"2025-12-17 18:47:24","7.1","/data/T1w_seg.nii.gz","887","3","",61.06174904598107,0.0,-3.9142317421053203,0.0,-1.3166062356745847,0.0,6.40959070745073,0.0,12.204047237919859,0.0,0.8508249213444826,0.0,2.164980250190835,0.0,0.9916595304360237,0.0,""
"2025-12-17 18:47:24","7.1","/data/T1w_seg.nii.gz","888","3","",60.82443648004836,0.0,-4.019346645087143,0.0,-1.6197431595515437,0.0,6.418824952713182,0.0,12.133037631627223,0.0,0.848582535989561,0.0,3.1190561473431067,0.0,0.9928627813132421,0.0,""
"2025-12-17 18:47:24","7.1","/data/T1w_seg.nii.gz","889","3","",60.806043041529435,0.0,-4.121593103738714,0.0,-1.9160759936428826,0.0,6.378598012735089,0.0,12.151711735167545,0.0,0.8511217216692478,0.0,4.022639799628526,0.0,0.9897822032038621,0.0,""
"2025-12-17 18:47:24","7.1","/data/T1w_seg.nii.gz","890","3","",60.787649603010514,0.0,-4.223839562390286,0.0,-2.2124088277342215,0.0,6.3383710727569955,0.0,12.170385838707867,0.0,0.8536609073489345,0.0,4.926223451913946,0.0,0.9867016250944822,0.0,""
"2025-12-17 18:47:24","7.1","/data/T1w_seg.nii.gz","891","3","",60.76678353475994,0.0,-4.323220571789433,0.0,-2.5018820088527303,0.0,6.31565478228729,0.0,12.168343504991146,0.0,0.854760253851953,0.0,5.298913155582624,0.0,0.9850585381210261,0.0,""
"2025-12-17 18:47:24","7.1","/data/T1w_seg.nii.gz","892","3","",60.74437207292708,0.0,-4.4208106754058125,0.0,-2.78706790686322,0.0,6.303882647760328,0.0,12.153353397988774,0.0,0.8549597008695538,0.0,5.339794141365841,0.0,0.9843138831075224,0.0,""
"2025-12-17 18:47:24","7.1","/data/T1w_seg.nii.gz","893","3","",60.721960611094225,0.0,-4.518400779022193,0.0,-3.07225380487371,0.0,6.292110513233365,0.0,12.138363290986401,0.0,0.8551591478871546,0.0,5.380675127149058,0.0,0.9835692280940187,0.0,""
"2025-12-17 18:47:24","7.1","/data/T1w_seg.nii.gz","894","3","",60.696620654558195,0.0,-4.612055709248186,0.0,-3.347952361996122,0.0,6.296484514081188,0.0,12.1086906057303,0.0,0.8541574905682852,0.0,5.400061160443255,0.0,0.9840227198045565,0.0,""
"2025-12-17 18:47:24","7.1","/data/T1w_seg.nii.gz","895","3","",60.67074824443977,0.0,-4.7049951534032,0.0,-3.6219259480479744,0.0,6.303794175906244,0.0,12.076348360791703,0.0,0.8529374506427848,0.0,5.415539020557631,0.0,0.9846940563740109,0.0,""
"2025-12-17 18:47:24","7.1","/data/T1w_seg.nii.gz","896","3","",60.699812074096236,0.0,-4.7975773449331625,0.0,-3.895033751992199,0.0,6.314828076476236,0.0,12.050163785894016,0.0,0.8516907772584418,0.0,5.442179932529473,0.0,0.984774733314453,0.0,""
"2025-12-17 18:47:24","7.1","/data/T1w_seg.nii.gz","897","3","",61.388110781051374,0.0,-4.885872504962519,0.0,-4.157752170644888,0.0,6.37055284198546,0.0,12.097871251487266,0.0,0.8501245023679869,0.0,5.602777466790902,0.0,0.9777674947067471,0.0,""
"2025-12-17 18:47:24","7.1","/data/T1w_seg.nii.gz","898","3","",62.07640948800652,0.0,-4.974167664991875,0.0,-4.420470589297578,0.0,6.426277607494683,0.0,12.145578717080516,0.0,0.848558227477532,0.0,5.7633750010523315,0.0,0.9707602560990412,0.0,""
"2025-12-17 18:47:24","7.1","/data/T1w_seg.nii.gz","899","3","",62.653170647911715,0.0,-5.0610359419093465,0.0,-4.6797188909131275,0.0,6.497107429327873,0.0,12.141418945844208,0.0,0.8445773751622117,0.0,5.477799683734385,0.0,0.9671701219395471,0.0,""
"2025-12-17 18:47:24","7.1","/data/T1w_seg.nii.gz","900","3","",62.978972326954526,0.0,-5.144693731825076,0.0,-4.931159429195114,0.0,6.601923627889992,0.0,12.020557891741394,0.0,0.8351637236409442,0.0,4.1883354503628345,0.0,0.9712684727885297,0.0,""
"2025-12-17 18:47:24","7.1","/data/T1w_seg.nii.gz","901","3","",63.30477400599734,0.0,-5.228351521740806,0.0,-5.182599967477101,0.0,6.70673982645211,0.0,11.899696837638578,0.0,0.8257500721196767,0.0,2.8988712169912842,0.0,0.9753668236375123,0.0,""
"2025-12-17 18:47:24","7.1","/data/T1w_seg.nii.gz","902","3","",63.62892055798684,0.0,-5.309516207398847,0.0,-5.427965160467947,0.0,6.7555238586447315,0.0,11.870684858942568,0.0,0.8222594198217654,0.0,2.650516097830937,0.0,0.9775561422108937,0.0,""
"2025-12-17 18:47:24","7.1","/data/T1w_seg.nii.gz","903","3","",63.95164842964493,0.0,-5.388543946550299,0.0,-5.668122914637817,0.0,6.756280319663499,0.0,11.920400659166676,0.0,0.8238456240010166,0.0,3.294540219423042,0.0,0.9781091474051886,0.0,""
"2025-12-17 18:47:24","7.1","/data/T1w_seg.nii.gz","904","3","",64.27437630130302,0.0,-5.46757168570175,0.0,-5.908280668807688,0.0,6.757036780682267,0.0,11.970116459390782,0.0,0.8254318281802678,0.0,3.938564341015147,0.0,0.9786621525994834,0.0,""
"2025-12-17 18:47:24","7.1","/data/T1w_seg.nii.gz","905","3","",64.0459368549822,0.0,-5.543043692789796,0.0,-6.139767543466437,0.0,6.744297860296525,0.0,11.914560871744037,0.0,0.8243356617806732,0.0,3.9315831686276277,0.0,0.9774228072381987,0.0,""
"2025-12-17 18:47:24","7.1","/data/T1w_seg.nii.gz","906","3","",63.6521472132677,0.0,-5.61744898025882,0.0,-6.368653154271851,0.0,6.727510325489431,0.0,11.827423867736037,0.0,0.8224347842074249,0.0,3.729300408046225,0.0,0.9756457567102402,0.0,""
"2025-12-17 18:47:24","7.1","/data/T1w_seg.nii.gz","907","3","",63.258357571553205,0.0,-5.6918542677278445,0.0,-6.597538765077266,0.0,6.710722790682336,0.0,11.740286863728036,0.0,0.8205339066341766,0.0,3.5270176474648225,0.0,0.9738687061822817,0.0,""
"2025-12-17 18:47:24","7.1","/data/T1w_seg.nii.gz","908","2","",64.14168746017077,0.0,-5.885120535482802,0.0,-7.2002271585850295,0.0,6.965669702894823,0.0,11.669154611301721,0.0,0.8022932432458546,0.0,4.968048390778,0.0,0.9764851485148515,0.0,""
"2025-12-17 18:47:24","7.1","/data/T1w_seg.nii.gz","909","2","",64.09182556405031,0.0,-5.96935795611972,0.0,-7.46699130895311,0.0,6.95251471306306,0.0,11.68373068014126,0.0,0.8036758501745482,0.0,4.866985745327813,0.0,0.9755820647241633,0.0,""
"2025-12-17 18:47:24","7.1","/data/T1w_seg.nii.gz","910","2","",64.04196366792985,0.0,-6.053595376756639,0.0,-7.733755459321191,0.0,6.939359723231298,0.0,11.698306748980796,0.0,0.8050584571032418,0.0,4.765923099877628,0.0,0.974678980933475,0.0,""
"2025-12-17 18:47:24","7.1","/data/T1w_seg.nii.gz","911","2","",64.3852608982766,0.0,-6.132738390760748,0.0,-7.9881486744791195,0.0,6.9564030345231895,0.0,11.738806618300348,0.0,0.8054964190157002,0.0,4.759348923861109,0.0,0.9728870810759113,0.0,""
"2025-12-17 18:47:24","7.1","/data/T1w_seg.nii.gz","912","2","",64.79408464970122,0.0,-6.211032336992723,0.0,-8.240480067102023,0.0,6.978479396002356,0.0,11.783627121033232,0.0,0.8057769400921194,0.0,4.768522826083534,0.0,0.9709470452072014,0.0,""
"2025-12-17 18:47:24","7.1","/data/T1w_seg.nii.gz","913","2","",64.87469188342341,0.0,-6.285087973363385,0.0,-8.482550455307296,0.0,6.966087908510947,0.0,11.73451431395456,0.0,0.8047134056737131,0.0,3.9901177386095363,0.0,0.9734167799362181,0.0,""
"2025-12-17 18:47:24","7.1","/data/T1w_seg.nii.gz","914","2","",64.82401251006465,0.0,-6.3574482857895225,0.0,-8.720516441745517,0.0,6.939909281431308,0.0,11.647828182951262,0.0,0.8031122490573767,0.0,2.8966810552569697,0.0,0.9776504229043254,0.0,""
"2025-12-17 18:47:24","7.1","/data/T1w_seg.nii.gz","915","2","",64.77374467616391,0.0,-6.426423400399157,0.0,-8.950316371634303,0.0,6.924317822171115,0.0,11.635606740642656,0.0,0.8036393580948117,0.0,2.9966850632626625,0.0,0.978364640313098,0.0,""
"2025-12-17 18:47:24","7.1","/data/T1w_seg.nii.gz","916","2","",64.7237854968567,0.0,-6.492859616646415,0.0,-9.173991759111011,0.0,6.916666738775505,0.0,11.679233814855069,0.0,0.8057626663725754,0.0,3.991769589787051,0.0,0.9764392885523696,0.0,""
"2025-12-17 18:47:24","7.1","/data/T1w_seg.nii.gz","917","2","",64.87005874977487,0.0,-6.556760847529608,0.0,-9.391576977843178,0.0,6.9644384324693975,0.0,11.66073546919115,0.0,0.8017945546560962,0.0,4.623738294199438,0.0,0.9723385777292991,0.0,""
"2025-12-17 18:47:24","7.1","/data/T1w_seg.nii.gz","918","2","",65.27797524566017,0.0,-6.61728209792738,0.0,-9.601041971582617,0.0,7.086107162282623,0.0,11.559403230358795,0.0,0.7897045496139595,0.0,4.771552569129156,0.0,0.9653373881564387,0.0,""
"2025-12-17 18:47:24","7.1","/data/T1w_seg.nii.gz","919","2","",65.03452912239057,0.0,-6.67611582319348,0.0,-9.806470769338814,0.0,7.115333310990661,0.0,11.484943070645347,0.0,0.7848148449451755,0.0,4.855093645504249,0.0,0.9627622804163956,0.0,""
"2025-12-17 18:47:24","7.1","/data/T1w_seg.nii.gz","920","2","",63.16267645123364,0.0,-6.730730735630394,0.0,-10.001809077136897,0.0,6.913453006935731,0.0,11.477663108729166,0.0,0.7979258912097731,0.0,4.777951725492777,0.0,0.9712523772583954,0.0,""
"2025-12-17 18:47:24","7.1","/data/T1w_seg.nii.gz","921","2","",61.747196433982715,0.0,-6.78450303397764,0.0,-10.195141497593328,0.0,6.745178893556999,0.0,11.493204419307702,0.0,0.8096517979913657,0.0,4.697154584605767,0.0,0.9782185858145823,0.0,""
"2025-12-17 18:47:24","7.1","/data/T1w_seg.nii.gz","922","2","",63.06995234016781,0.0,-6.833219647786872,0.0,-10.37643859399984,0.0,6.778541924235459,0.0,11.64567336485453,0.0,0.8130668678749289,0.0,4.594426118465523,0.0,0.976041464655891,0.0,""
"2025-12-17 18:47:24","7.1","/data/T1w_seg.nii.gz","923","2","",64.39270824635291,0.0,-6.881936261596104,0.0,-10.557735690406354,0.0,6.811904954913921,0.0,11.798142310401358,0.0,0.816481937758492,0.0,4.49169765232528,0.0,0.9738643434971997,0.0,""
"2025-12-17 18:47:24","7.1","/data/T1w_seg.nii.gz","924","2","",64.80450014307085,0.0,-6.924761950318463,0.0,-10.725077236246001,0.0,6.864865380903573,0.0,11.807606406844336,0.0,0.8136080163916969,0.0,3.9719064132758226,0.0,0.9704391532127081,0.0,""
"2025-12-17 18:47:24","7.1","/data/T1w_seg.nii.gz","925","2","",65.2162920397888,0.0,-6.967587639040822,0.0,-10.892418782085649,0.0,6.917825806893224,0.0,11.817070503287313,0.0,0.8107340950249018,0.0,3.452115174226365,0.0,0.9670139629282166,0.0,""
"2025-12-17 18:47:24","7.1","/data/T1w_seg.nii.gz","926","2","",65.24015033291406,0.0,-7.005369654184123,0.0,-11.047870784414116,0.0,6.936628325458545,0.0,11.802094705829813,0.0,0.8090387720494254,0.0,4.555760748335822,0.0,0.9682501484629737,0.0,""
"2025-12-17 18:47:24","7.1","/data/T1w_seg.nii.gz","927","2","",65.19935302544053,0.0,-7.042311057064248,0.0,-11.201341196157385,0.0,6.949737859453144,0.0,11.783045592722234,0.0,0.8075398821391688,0.0,5.929979124638431,0.0,0.9702632299676056,0.0,""
"2025-12-17 18:47:24","7.1","/data/T1w_seg.nii.gz","928","2","",64.91874636437188,0.0,-7.075053573658421,0.0,-11.344962144271312,0.0,6.969070389696637,0.0,11.74928147224016,0.0,0.8050684837097072,0.0,5.98077356118881,0.0,0.9722306756122043,0.0,""
"2025-12-17 18:47:24","7.1","/data/T1w_seg.nii.gz","929","2","",64.54221596186521,0.0,-7.106116535738213,0.0,-11.484643306933501,0.0,6.990892118439688,0.0,11.709631348808287,0.0,0.8022080818725636,0.0,5.5021984218383,0.0,0.9741798669127899,0.0,""
"2025-12-17 18:47:24","7.1","/data/T1w_seg.nii.gz","930","2","",65.08177045951334,0.0,-7.133823245592179,0.0,-11.616489586215176,0.0,7.06823127864445,0.0,11.729477255661093,0.0,0.7980245507928652,0.0,5.13730012380933,0.0,0.9691826006209918,0.0,""
"2025-12-17 18:47:24","7.1","/data/T1w_seg.nii.gz","931","2","",66.30838863227757,0.0,-7.159012766276774,0.0,-11.742459702961463,0.0,7.187208512445494,0.0,11.793945185227406,0.0,0.7928486727812507,0.0,4.857659456771513,0.0,0.9589754911349061,0.0,""
"2025-12-17 18:47:24","7.1","/data/T1w_seg.nii.gz","932","2","",66.98860353874899,0.0,-7.1816868595186145,0.0,-11.862585157424155,0.0,7.205205526023348,0.0,11.87669216305846,0.0,0.794714874644283,0.0,4.990043381086403,0.0,0.9588150017047392,0.0,""
"2025-12-17 18:47:24","7.1","/data/T1w_seg.nii.gz","933","2","",66.94028075682998,0.0,-7.201007049503447,0.0,-11.974917728842051,0.0,7.088562245970282,0.0,11.983811205242498,0.0,0.8059705163401779,0.0,5.6717934272049,0.0,0.9720500056824639,0.0,""
"2025-12-17 18:47:24","7.1","/data/T1w_seg.nii.gz","934","2","",66.89775505790065,0.0,-7.218651198481892,0.0,-12.08337325871862,0.0,7.026511801792846,0.0,12.015331641356822,0.0,0.8110081756379117,0.0,5.866302117010193,0.0,0.9828418740250969,0.0,""
"2025-12-17 18:47:24","7.1","/data/T1w_seg.nii.gz","935","2","",66.86972206644555,0.0,-7.232105244944367,0.0,-12.182136184741866,0.0,7.100943447304484,0.0,11.857855562296855,0.0,0.8005008789402426,0.0,4.8427074160324715,0.0,0.9875259032800006,0.0,""
"2025-12-17 18:47:24","7.1","/data/T1w_seg.nii.gz","936","2","",66.97133808873926,0.0,-7.244721590480162,0.0,-12.278969378146076,0.0,7.167942235657852,0.0,11.73745463678988,0.0,0.7918604071852146,0.0,4.114740472545872,0.0,0.9896200236518011,0.0,""
"2025-12-17 18:47:24","7.1","/data/T1w_seg.nii.gz","937","2","",67.85084819352593,0.0,-7.252311730455876,0.0,-12.364224175836078,0.0,7.190343881061599,0.0,11.839504632600855,0.0,0.7944208850860329,0.0,5.160540074006018,0.0,0.9761746907249832,0.0,""
"2025-12-17 18:47:24","7.1","/data/T1w_seg.nii.gz","938","2","",68.7303582983126,0.0,-7.25990187043159,0.0,-12.44947897352608,0.0,7.212745526465345,0.0,11.941554628411827,0.0,0.7969813629868512,0.0,6.206339675466165,0.0,0.9627293577981652,0.0,""
"2025-12-17 18:47:24","7.1","/data/T1w_seg.nii.gz","939","1","",73.5238351332584,0.0,-7.263603660176499,0.0,-12.6033385394755,0.0,7.465022858187905,0.0,12.406429276597635,0.0,0.7987176578411386,0.0,4.229545557925262,0.0,0.9610874200426439,0.0,""
"2025-12-17 18:47:24","7.1","/data/T1w_seg.nii.gz","940","1","",71.5254156012773,0.0,-7.259968629944192,0.0,-12.654674188205478,0.0,7.311373874845107,0.0,12.313856943367849,0.0,0.8046235016166955,0.0,4.06464915200477,0.0,0.959703570061779,0.0,""
"2025-12-17 18:47:24","7.1","/data/T1w_seg.nii.gz","941","1","",69.52699606929619,0.0,-7.256333599711883,0.0,-12.706009836935454,0.0,7.157724891502309,0.0,12.221284610138065,0.0,0.8105293453922524,0.0,3.8997527460842782,0.0,0.9583197200809142,0.0,""
"2025-12-17 18:47:24","7.1","/data/T1w_seg.nii.gz","942","1","",68.64708856749915,0.0,-7.249799263547855,0.0,-12.750734891933096,0.0,7.018153786609998,0.0,12.251335154074752,0.0,0.8192941620230854,0.0,4.223901989542647,0.0,0.9612134563549658,0.0,""
"2025-12-17 18:47:24","7.1","/data/T1w_seg.nii.gz","943","1","",68.63713486695637,0.0,-7.2410099116591535,0.0,-12.790318374027807,0.0,6.889532142734733,0.0,12.376759046918695,0.0,0.8302826242080218,0.0,4.928420071406794,0.0,0.9674342041606192,0.0,""
"2025-12-17 18:47:24","7.1","/data/T1w_seg.nii.gz","944","1","",68.67725043381006,0.0,-7.231576086280285,0.0,-12.828436161430202,0.0,6.800495198248242,0.0,12.460674924588979,0.0,0.8377041413839916,0.0,5.585332862502901,0.0,0.9725100214251158,0.0,""
"2025-12-17 18:47:24","7.1","/data/T1w_seg.nii.gz","945","1","",69.067850872439,0.0,-7.217630946470237,0.0,-12.85629408598639,0.0,6.988551149483157,0.0,12.25403469604365,0.0,0.8201570434971945,0.0,5.9090086182227175,0.0,0.9695713249015135,0.0,""
"2025-12-17 18:47:24","7.1","/data/T1w_seg.nii.gz","946","1","",69.45845131106792,0.0,-7.2036858066601885,0.0,-12.884152010542577,0.0,7.176607100718072,0.0,12.047394467498322,0.0,0.8026099456103974,0.0,6.232684373942534,0.0,0.9666326283779114,0.0,""
"2025-12-17 18:47:24","7.1","/data/T1w_seg.nii.gz","947","1","",69.85185417546946,0.0,-7.1861944731530265,0.0,-12.903961613428686,0.0,7.2920749340074265,0.0,11.928093817805857,0.0,0.7911517053788056,0.0,6.449165514542274,0.0,0.9672393065598048,0.0,""
"2025-12-17 18:47:24","7.1","/data/T1w_seg.nii.gz","948","1","",70.24653086976765,0.0,-7.167091233419904,0.0,-12.920112888282945,0.0,7.374548168230617,0.0,11.848492976682879,0.0,0.7824611277177617,0.0,6.616921830087435,0.0,0.9694575186987417,0.0,""
"2025-12-17 18:47:24","7.1","/data/T1w_seg.nii.gz","949","1","",70.54315447997571,0.0,-7.146697684069319,0.0,-12.933340258345085,0.0,7.4298896709229325,0.0,11.794036739979965,0.0,0.7766104421507836,0.0,6.935547194319899,0.0,0.9708852479439762,0.0,""
"2025-12-17 18:47:24","7.1","/data/T1w_seg.nii.gz","950","1","",70.54561883791338,0.0,-7.1224332058663515,0.0,-12.937795914030872,0.0,7.403835979022623,0.0,11.815014316537253,0.0,0.779279432866003,0.0,7.706779704614282,0.0,0.9699415285081034,0.0,""
"2025-12-17 18:47:24","7.1","/data/T1w_seg.nii.gz","951","1","",70.54808319585106,0.0,-7.098168727663384,0.0,-12.94225156971666,0.0,7.377782287122314,0.0,11.83599189309454,0.0,0.7819484235812224,0.0,8.478012214908663,0.0,0.9689978090722307,0.0,""
"2025-12-17 18:47:24","7.1","/data/T1w_seg.nii.gz","952","1","",69.90957046907239,0.0,-7.069707542978072,0.0,-12.937207014416394,0.0,7.31243398483834,0.0,11.853412707141873,0.0,0.7869584608860383,0.0,7.458046514045492,0.0,0.9700521144130166,0.0,""
"2025-12-17 18:47:24","7.1","/data/T1w_seg.nii.gz","953","1","",69.123139953513,0.0,-7.040277887566064,0.0,-12.929970102734734,0.0,7.238017695542751,0.0,11.870012729840752,0.0,0.7925087397115304,0.0,6.02472737983827,0.0,0.97156750239457,0.0,""
"2025-12-17 18:47:24","7.1","/data/T1w_seg.nii.gz","954","1","",68.9331456183148,0.0,-7.008909526191898,0.0,-12.918346620228919,0.0,7.2401916486536,0.0,11.859030591252676,0.0,0.7918035855622023,0.0,5.237340136903239,0.0,0.9743558719965253,0.0,""
"2025-12-17 18:47:24","7.1","/data/T1w_seg.nii.gz","955","1","",69.73721158371852,0.0,-6.974309988214135,0.0,-12.899412186349513,0.0,7.370016005775182,0.0,11.80207818385301,0.0,0.780672709788174,0.0,5.526506046088523,0.0,0.9792658776324838,0.0,""
"2025-12-17 18:47:24","7.1","/data/T1w_seg.nii.gz","956","1","",70.54127754912226,0.0,-6.9397104502363725,0.0,-12.880477752470108,0.0,7.499840362896763,0.0,11.745125776453346,0.0,0.7695418340141459,0.0,5.815671955273807,0.0,0.9841758832684423,0.0,""
"2025-12-17 18:47:24","7.1","/data/T1w_seg.nii.gz","957","1","",70.97778086472267,0.0,-6.9002590556964165,0.0,-12.850564782658509,0.0,7.599006327304402,0.0,11.704625158452,0.0,0.7603712167898414,0.0,6.5580117300406595,0.0,0.9823222383845298,0.0,""
"2025-12-17 18:47:24","7.1","/data/T1w_seg.nii.gz","958","1","",71.38978000366954,0.0,-6.860484204052315,0.0,-12.819919910451429,0.0,7.696128398864445,0.0,11.665221326410542,0.0,0.7513312834688519,0.0,7.330563095846282,0.0,0.9800176834659593,0.0,""
"2025-12-17 18:47:24","7.1","/data/T1w_seg.nii.gz","959","1","",71.60547592402573,0.0,-6.818118641284207,0.0,-12.783409439890246,0.0,7.7664256448936015,0.0,11.60032713645679,0.0,0.7426511027521417,0.0,7.704596926150023,0.0,0.9803164524858795,0.0,""
"2025-12-17 18:47:24","7.1","/data/T1w_seg.nii.gz","960","1","",71.62486862579122,0.0,-6.773162367392093,0.0,-12.74103337097496,0.0,7.809898065391872,0.0,11.509942588590746,0.0,0.7343306746397108,0.0,7.680113220951884,0.0,0.9832185454442905,0.0,""
"2025-12-17 18:47:24","7.1","/data/T1w_seg.nii.gz","961","1","",71.71904340589191,0.0,-6.727881833965234,0.0,-12.697922326853133,0.0,7.859134099017733,0.0,11.424082429883747,0.0,0.7257262323450266,0.0,7.587503394801293,0.0,0.9855078940888102,0.0,""
"2025-12-17 18:47:24","7.1","/data/T1w_seg.nii.gz","962","1","",72.93494936102051,0.0,-6.677737407517212,0.0,-12.64378665463318,0.0,7.994824329557472,0.0,11.406088108562416,0.0,0.7128615773165425,0.0,6.473001754363935,0.0,0.9786060780249606,0.0,""
"2025-12-17 18:47:24","7.1","/data/T1w_seg.nii.gz","963","1","",74.15085531614912,0.0,-6.6275929810691885,0.0,-12.589650982413227,0.0,8.130514560097213,0.0,11.388093787241086,0.0,0.6999969222880583,0.0,5.358500113926573,0.0,0.9717042619611108,0.0,""
"2025-12-17 18:47:24","7.1","/data/T1w_seg.nii.gz","964","1","",74.37586470981017,0.0,-6.574201403852938,0.0,-12.528143193280563,0.0,8.111940027622092,0.0,11.455369789095446,0.0,0.7054366620651074,0.0,5.096454708961017,0.0,0.9691857409794424,0.0,""
"2025-12-17 18:47:24","7.1","/data/T1w_seg.nii.gz","965","1","",74.0063361665907,0.0,-6.51886153617575,0.0,-12.462212134000273,0.0,8.000806637338057,0.0,11.57380798485522,0.0,0.7218590387254762,0.0,5.345883045278536,0.0,0.969297197047083,0.0,""
"2025-12-17 18:47:24","7.1","/data/T1w_seg.nii.gz","966","1","",73.71204826417618,0.0,-6.462546065277676,0.0,-12.394061412761001,0.0,7.911536227871535,0.0,11.67555086648144,0.0,0.7354142043445244,0.0,5.363973689244247,0.0,0.9703696596997995,0.0,""
"2025-12-17 18:47:24","7.1","/data/T1w_seg.nii.gz","967","1","",73.74380313858312,0.0,-6.402002980422428,0.0,-12.316292156366151,0.0,7.917005401947566,0.0,11.70494738686227,0.0,0.7365447887845163,0.0,4.379600999685447,0.0,0.9756064842211793,0.0,""
"2025-12-17 18:47:24","7.1","/data/T1w_seg.nii.gz","968","1","",73.77555801299005,0.0,-6.341459895567181,0.0,-12.238522899971299,0.0,7.922474576023598,0.0,11.7343439072431,0.0,0.7376753732245084,0.0,3.3952283101266505,0.0,0.9808433087425592,0.0,""
"2025-12-17 18:47:24","7.1","/data/T1w_seg.nii.gz","969","1","",74.76207403448491,0.0,-6.277008259621207,0.0,-12.151837944094984,0.0,7.9887417483877385,0.0,11.81914556686927,0.0,0.7369903989147076,0.0,3.5624430111667307,0.0,0.9833573138212747,0.0,""
"2025-12-17 18:47:24","7.1","/data/T1w_seg.nii.gz","970","1","",76.06684377167575,0.0,-6.211253773311656,0.0,-12.062181088391513,0.0,8.07527492018125,0.0,11.922415606243892,0.0,0.7357002383549759,0.0,4.113520175739772,0.0,0.9849637124191021,0.0,""
"2025-12-17 18:47:24","7.1","/data/T1w_seg.nii.gz","971","1","",77.23478206932201,0.0,-6.143868066028008,0.0,-11.968792022680242,0.0,8.199913342542626,0.0,11.948170219944156,0.0,0.7264861982567898,0.0,4.418852624439089,0.0,0.9849172809437016,0.0,""
"2025-12-17 18:47:24","7.1","/data/T1w_seg.nii.gz","972","1","",78.1016911999702,0.0,-6.072893672601347,0.0,-11.867192094951804,0.0,8.408383316153298,0.0,11.803390897160844,0.0,0.6998396231740039,0.0,4.183546698216221,0.0,0.9812346233071999,0.0,""
"2025-12-17 18:47:24","7.1","/data/T1w_seg.nii.gz","973","1","",78.9686003306184,0.0,-6.001919279174685,0.0,-11.765592167223367,0.0,8.61685328976397,0.0,11.658611574377531,0.0,0.6731930480912182,0.0,3.948240771993352,0.0,0.9775519656706982,0.0,""
"2025-12-17 18:47:24","7.1","/data/T1w_seg.nii.gz","974","1","",79.0271880667504,0.0,-5.926369826537368,0.0,-11.653488738252332,0.0,8.728234349004019,0.0,11.471944387168072,0.0,0.6471683612307828,0.0,3.8971013366558234,0.0,0.9787552121333746,0.0,""
"2025-12-17 18:47:24","7.1","/data/T1w_seg.nii.gz","975","1","",78.97030131795152,0.0,-5.850166794012812,0.0,-11.53988480910378,0.0,8.82574556333398,0.0,11.279293219326304,0.0,0.6212325155449687,0.0,3.8722714000162,0.0,0.9806564448959336,0.0,""
"2025-12-17 18:47:24","7.1","/data/T1w_seg.nii.gz","976","1","",79.13423085963579,0.0,-5.771672357834055,0.0,-11.421000396648857,0.0,8.866970883991481,0.0,11.212122494240308,0.0,0.6117771696367891,0.0,4.564062855208968,0.0,0.9815093535905719,0.0,""
"2025-12-17 18:47:24","7.1","/data/T1w_seg.nii.gz","977","1","",79.58206706051271,0.0,-5.690231831242754,0.0,-11.295326791371453,0.0,8.835828627070107,0.0,11.30628376698316,0.0,0.6235110377284248,0.0,6.177224671329087,0.0,0.9810144170550262,0.0,""
"2025-12-17 18:47:24","7.1","/data/T1w_seg.nii.gz","978","1","",80.02990326138962,0.0,-5.608791304651452,0.0,-11.16965318609405,0.0,8.804686370148735,0.0,11.400445039726012,0.0,0.6352449058200604,0.0,7.790386487449205,0.0,0.9805194805194806,0.0,""
"2025-12-17 18:47:24","7.1","/data/T1w_seg.nii.gz","979","1","","","","","","","","","","","","","","","","","",""
"2025-12-17 18:47:24","7.1","/data/T1w_seg.nii.gz","980","1","","","","","","","","","","","","","","","","","",""
"2025-12-17 18:47:24","7.1","/data/T1w_seg.nii.gz","981","1","","","","","","","","","","","","","","","","","",""
"2025-12-17 18:47:24","7.1","/data/T1w_seg.nii.gz","982","1","","","","","","","","","","","","","","","","","",""
"2025-12-17 18:47:24","7.1","/data/T1w_seg.nii.gz","983","1","","","","","","","","","","","","","","","","","",""
"2025-12-17 18:47:24","7.1","/data/T1w_seg.nii.gz","984","1","","","","","","","","","","","","","","","","","",""
